2340.0,0.561,1.66,0.018,1.4355899911307457
2340.0,0.52,1.569,0.017,1.1642224904191956
2340.01,0.586,1.726,0.015,1.0786243176525132
2340.03,0.56,1.624,0.016,1.4103175612785976
2340.04,0.533,1.774,0.016,1.2216118782769154
2340.05,0.595,1.739,0.018,1.1061641729956941
2340.06,0.585,1.796,0.018,1.1178464135867543
2340.07,0.506,1.664,0.015,1.186108822826931
2340.08,0.594,1.571,0.017,1.072501238508837
2340.1,0.525,1.806,0.017,1.1136883144404033
2340.1,0.549,1.925,0.018,1.081033172400113
2340.12,0.537,1.716,0.015,1.2996193185222271
2340.12,0.503,1.982,0.017,1.0258194490559167
2340.13,0.509,1.83,0.018,1.2276467701909128
2340.13,0.539,1.504,0.015,1.3515846297330856
2340.16,0.513,1.855,0.019,1.4840984599891298
2340.17,0.516,1.528,0.018,1.3226805989071146
2340.18,0.582,1.77,0.015,1.1977726599487122
2340.19,0.59,1.529,0.019,1.2143775144035522
2340.19,0.561,1.963,0.015,1.3398041894199224
2340.19,0.547,1.862,0.018,1.1642392889187632
2340.2,0.583,1.954,0.015,1.2759065088153423
2340.21,0.592,1.947,0.018,1.0073948992007082
2340.22,0.577,1.911,0.017,1.2759538908813126
2340.23,0.515,1.946,0.018,1.3061343763528142
2340.23,0.58,1.811,0.019,1.4202861218657836
2340.24,0.508,1.525,0.018,1.1483225526472498
2340.24,0.555,1.645,0.018,1.272077815293386
2340.24,0.577,1.923,0.016,1.2483413678730002
2340.26,0.551,1.797,0.017,1.2363548773948332
2340.27,0.569,1.794,0.015,1.338351311605564
2340.29,0.5,1.586,0.015,1.2755970280824411
2340.3,0.564,1.859,0.016,1.3010805148805564
2340.3,0.577,1.935,0.015,1.2556679843180272
2340.3,0.548,1.734,0.019,1.2751378562323532
2340.31,0.502,1.772,0.017,1.2749594981409325
2340.32,0.51,1.591,0.019,1.2961972950188403
2340.32,0.516,1.837,0.018,1.1087100348734367
2340.32,0.594,1.963,0.016,1.307218889892455
2340.37,0.538,1.691,0.016,1.2736479827182754
2340.37,0.531,1.905,0.015,1.0764550516009508
2340.38,0.509,1.909,0.019,1.2843744945183981
2340.39,0.571,1.802,0.017,1.3713825659024441
2340.4,0.554,1.502,0.016,1.298202895601643
2340.41,0.536,1.524,0.017,1.0843438838724515
2340.42,0.503,1.521,0.017,1.4901951433783458
2340.42,0.552,1.807,0.015,1.1544123397428492
2340.43,0.55,1.696,0.016,1.2176193876537762
2340.44,0.542,1.603,0.016,1.020722544686049
2340.44,0.509,1.509,0.019,1.4481268031498793
2340.44,0.544,1.543,0.018,1.2307935261805536
2340.44,0.555,1.514,0.017,1.3994101068770057
2340.48,0.513,1.604,0.016,1.2821249995336048
2340.49,0.578,1.511,0.015,1.1270860812521266
2340.49,0.547,1.883,0.018,1.2002908158692869
2340.49,0.542,1.928,0.017,1.2013753041732969
2340.5,0.558,1.753,0.016,1.1769705690106367
2340.51,0.529,1.721,0.016,1.2679956227193292
2340.51,0.582,1.921,0.016,1.2346175685915657
2340.52,0.54,1.569,0.018,1.460646669403704
2340.52,0.565,1.831,0.016,1.0774016558001056
2340.54,0.5,1.504,0.017,1.170358173808417
2340.54,0.56,1.715,0.018,1.4936533682876505
2340.57,0.587,1.926,0.016,1.0115247302476515
2340.57,0.508,1.509,0.017,1.0545186687059238
2340.57,0.59,1.876,0.019,1.4981457439676062
2340.58,0.569,1.937,0.018,1.2036716582993081
2340.58,0.547,1.543,0.016,1.0854998077396814
2340.58,0.526,1.557,0.017,1.2517705392030984
2340.59,0.59,1.608,0.015,1.1315060501843368
2340.59,0.527,1.82,0.016,1.2616268221682698
2340.6,0.541,1.952,0.015,1.4676016905531406
2340.62,0.549,1.588,0.019,1.2792250317436955
2340.63,0.553,1.633,0.016,1.3728481074965193
2340.63,0.573,1.989,0.019,1.1835544098822433
2340.64,0.579,1.775,0.018,1.3825158081204956
2340.64,0.524,1.714,0.019,1.1876064750539483
2340.64,0.5,1.542,0.018,1.2527975008710521
2340.64,0.506,1.643,0.019,1.0576859955541837
2340.65,0.564,1.829,0.017,1.168740295377573
2340.65,0.551,1.995,0.015,1.0092909392700495
2340.67,0.545,1.836,0.016,1.163984181099079
2340.67,0.539,1.986,0.016,1.2545552535080948
2340.68,0.541,1.996,0.016,1.1716748199852858
2340.7,0.516,1.661,0.018,1.2329477662402262
2340.71,0.527,1.791,0.017,1.0524831850147358
2340.71,0.58,1.794,0.018,1.487725148540708
2340.73,0.536,1.863,0.015,1.120549617203838
2340.74,0.545,1.838,0.019,1.1682339772498265
2340.75,0.598,1.734,0.016,1.3427768331606709
2340.75,0.532,1.524,0.017,1.4707346533174248
2340.75,0.585,1.614,0.015,1.170446796573032
2340.76,0.575,1.907,0.016,1.281093543687645
2340.77,0.502,1.57,0.016,1.4699553659901827
2340.77,0.529,1.91,0.017,1.1466889505906186
2340.77,0.527,1.685,0.015,1.3854597124278614
2340.78,0.57,1.894,0.015,1.2750724187360756
2340.78,0.584,1.702,0.016,1.1275611595476225
2340.81,0.509,1.973,0.017,1.1908751979687207
2340.81,0.567,1.648,0.016,1.237000998708782
2340.82,0.588,1.501,0.016,1.2513330268064307
2340.83,0.563,1.84,0.019,1.0756158639105937
2340.84,0.508,1.714,0.018,1.1024129196541375
2340.85,0.536,1.577,0.018,1.4878032348880363
2340.85,0.558,1.95,0.016,1.0011534666824502
2340.85,0.555,1.546,0.017,1.3037480754501316
2340.85,0.546,1.698,0.017,1.136528748850607
2340.86,0.549,1.833,0.019,1.092377358043454
2340.87,0.597,1.731,0.017,1.368098009398887
2340.87,0.507,1.69,0.015,1.237004092683113
2340.89,0.52,1.647,0.018,1.28727622850394
2340.89,0.581,1.865,0.017,1.4901116753603214
2340.89,0.572,1.69,0.019,1.4982615303293023
2340.9,0.594,1.802,0.018,1.1566368162509404
2340.92,0.574,1.767,0.019,1.4079454322072562
2340.94,0.502,1.64,0.018,1.077886126799297
2340.95,0.568,1.96,0.017,1.3478128418507747
2340.95,0.584,1.645,0.019,1.3297283452777808
2340.97,0.583,1.691,0.016,1.1510153543321042
2340.97,0.586,1.731,0.017,1.0648262290199315
2340.99,0.557,1.732,0.015,1.1209578745294773
2341.0,0.561,1.827,0.018,1.493225096682294
2341.01,0.549,1.88,0.019,1.390369719500967
2341.02,0.587,1.804,0.015,1.4882121624254916
2341.04,0.561,1.543,0.015,1.3893402309252427
2341.04,0.502,1.526,0.018,1.2536757623941268
2341.04,0.583,1.738,0.019,1.106355315489068
2341.05,0.526,1.91,0.016,1.2059721841622426
2341.06,0.563,1.793,0.019,1.294473138692278
2341.07,0.535,1.773,0.019,1.3794651764137287
2341.07,0.583,1.881,0.019,1.3703414233503723
2341.08,0.517,1.542,0.018,1.19817663437652
2341.08,0.54,1.959,0.017,1.2495916701732097
2341.09,0.52,1.933,0.019,1.4111831428590398
2341.1,0.569,1.77,0.019,1.1212024458513532
2341.1,0.541,1.995,0.016,1.0654755356441643
2341.12,0.568,1.529,0.017,1.0957652906667221
2341.12,0.591,1.761,0.018,1.2184443335671364
2341.13,0.597,1.668,0.019,1.3883097835734661
2341.13,0.516,1.793,0.016,1.1353645515746207
2341.13,0.568,1.588,0.016,1.4150675180393661
2341.13,0.557,1.578,0.019,1.1913176801191738
2341.13,0.52,1.501,0.016,1.4668195102995154
2341.13,0.591,1.883,0.019,1.3878201064549305
2341.15,0.555,1.825,0.016,1.4160673618287694
2341.15,0.569,1.719,0.015,1.4722856224430068
2341.15,0.561,1.71,0.015,1.0005008778724658
2341.16,0.538,1.76,0.018,1.0891022227914013
2341.16,0.584,1.526,0.017,1.3685599642684654
2341.16,0.508,1.884,0.015,1.3623902583984502
2341.16,0.561,1.918,0.017,1.1794881228384968
2341.16,0.575,1.66,0.018,1.3045428513453186
2341.16,0.568,1.95,0.015,1.3330023763607557
2341.16,0.583,1.539,0.018,1.075295716131019
2341.16,0.566,1.902,0.019,1.4074806998873512
2341.17,0.562,1.665,0.018,1.3686751583477674
2341.17,0.586,1.695,0.015,1.0679162423250261
2341.17,0.549,1.994,0.018,1.4940292912652764
2341.18,0.521,1.947,0.018,1.3768244275027792
2341.21,0.561,1.762,0.019,1.3856032371460345
2341.21,0.562,1.968,0.017,1.1108464568583651
2341.23,0.57,1.654,0.016,1.1779239912537918
2341.24,0.525,1.853,0.018,1.442664914696578
2341.24,0.557,1.661,0.015,1.0551600880353778
2341.25,0.509,1.997,0.017,1.4941331397208826
2341.26,0.543,1.921,0.016,1.1765660372770235
2341.27,0.599,1.895,0.017,1.093853576982573
2341.27,0.577,1.767,0.018,1.425179166777263
2341.29,0.5,1.538,0.017,1.4522274377853435
2341.3,0.581,1.727,0.016,1.2843196327040627
2341.3,0.517,1.601,0.017,1.3847035048019625
2341.31,0.587,1.964,0.019,1.401218575495005
2341.32,0.552,1.593,0.018,1.4259306358207213
2341.32,0.565,1.855,0.019,1.408452804523092
2341.34,0.541,1.524,0.019,1.1724150620950362
2341.34,0.532,1.686,0.019,1.165938322948183
2341.35,0.561,1.865,0.016,1.0655389833082634
2341.36,0.585,1.995,0.018,1.0654156418821001
2341.36,0.55,1.943,0.017,1.2361810066509533
2341.36,0.55,1.799,0.016,1.2941337166470233
2341.37,0.585,1.686,0.019,1.1346132664096087
2341.38,0.598,1.77,0.016,1.2617855391863206
2341.39,0.569,1.949,0.015,1.4810433610024116
2341.39,0.515,1.783,0.015,1.4387105479323898
2341.39,0.587,1.989,0.018,1.4209596798951334
2341.41,0.551,1.883,0.017,1.3577134972347868
2341.42,0.593,1.826,0.016,1.4167274554288167
2341.42,0.546,1.65,0.017,1.0961670677672943
2341.42,0.585,1.953,0.019,1.270238862770128
2341.43,0.585,1.559,0.019,1.1290911486666357
2341.44,0.551,1.912,0.019,1.2978352694323618
2341.44,0.5,1.731,0.015,1.2248621598724676
2341.46,0.566,1.66,0.015,1.4669040429715496
2341.46,0.576,1.766,0.016,1.0003345836611097
2341.46,0.581,1.718,0.015,1.2596671863968905
2341.46,0.518,1.775,0.019,1.2444109116768327
2341.46,0.542,1.535,0.017,1.183711526110149
2341.48,0.597,1.835,0.019,1.416075569539953
2341.49,0.548,1.9,0.018,1.4534487508336493
2341.5,0.53,1.81,0.015,1.210303253055463
2341.5,0.509,1.641,0.018,1.021057485749824
2341.5,0.545,1.671,0.017,1.131218603475682
2341.51,0.543,1.729,0.019,1.4718202823729882
2341.52,0.505,1.766,0.015,1.4785637841516113
2341.52,0.593,1.899,0.017,1.4028078286150365
2341.52,0.536,1.959,0.016,1.108363544998115
2341.53,0.546,1.968,0.018,1.0233602067442842
2341.54,0.543,1.575,0.019,1.3481265151708994
2341.55,0.591,1.697,0.017,1.3166524037525502
2341.56,0.517,1.571,0.015,1.2891031981739025
2341.56,0.53,1.533,0.015,1.4816110185395834
2341.56,0.506,1.63,0.019,1.1864665608138
2341.57,0.542,1.898,0.018,1.1039098200797253
2341.58,0.54,1.652,0.016,1.3635746739841863
2341.58,0.531,1.887,0.019,1.3095773695757362
2341.58,0.546,1.738,0.017,1.30423886495651
2341.59,0.585,1.507,0.017,1.1007229701856425
2341.61,0.537,1.626,0.016,1.0402922757689446
2341.61,0.579,1.998,0.015,1.0641775938424727
2341.63,0.529,1.921,0.016,1.067167735282444
2341.63,0.573,1.913,0.018,1.3849800672152068
2341.63,0.506,1.906,0.018,1.2608973516259312
2341.63,0.587,1.524,0.015,1.398614767164287
2341.64,0.541,1.52,0.017,1.000333229068618
2341.64,0.54,1.693,0.015,1.0764556111900454
2341.64,0.551,1.679,0.017,1.3782875684664884
2341.65,0.571,1.774,0.018,1.240939244747604
2341.65,0.502,1.946,0.016,1.4827316608028287
2341.68,0.504,1.859,0.015,1.2335531001690911
2341.68,0.54,1.66,0.018,1.1263797887863123
2341.68,0.565,1.817,0.017,1.124090517593885
2341.69,0.584,1.568,0.015,1.331355621605893
2341.69,0.566,1.775,0.015,1.4731823704559617
2341.69,0.59,1.619,0.017,1.1622777990993665
2341.7,0.525,1.687,0.017,1.2115992621219147
2341.7,0.547,1.584,0.016,1.0974836820749785
2341.7,0.54,1.717,0.017,1.3756571891857177
2341.71,0.533,1.573,0.019,1.3768394210378658
2341.72,0.592,1.863,0.015,1.4225613319685555
2341.72,0.586,1.694,0.016,1.0823103068453295
2341.73,0.59,1.963,0.018,1.2584104820576119
2341.73,0.571,1.699,0.017,1.0012717796054982
2341.74,0.506,1.549,0.018,1.3500806938569423
2341.74,0.549,1.737,0.019,1.1637808477236147
2341.74,0.554,1.886,0.018,1.3829620798850282
2341.75,0.531,1.791,0.017,1.0194629048963497
2341.75,0.589,1.98,0.015,1.2103887596964833
2341.78,0.542,1.516,0.017,1.3445486960169324
2341.79,0.505,1.965,0.016,1.0003832522668816
2341.79,0.506,1.615,0.017,1.272938579712377
2341.79,0.518,1.703,0.019,1.301146694387158
2341.8,0.58,1.821,0.018,1.3195699173430284
2341.81,0.567,1.856,0.016,1.4447385928961254
2341.81,0.577,1.981,0.019,1.1712339245403571
2341.83,0.51,1.636,0.017,1.3580434074411798
2341.84,0.553,1.595,0.016,1.2611621494959657
2341.84,0.541,1.679,0.017,1.2545827455628147
2341.85,0.566,1.672,0.017,1.1850357599579673
2341.87,0.505,1.767,0.018,1.2422074266681742
2341.87,0.511,1.607,0.017,1.1392630437557525
2341.88,0.556,1.723,0.017,1.3668680647327696
2341.89,0.541,1.911,0.018,1.4274065636808126
2341.91,0.515,1.926,0.017,1.4249607364033936
2341.92,0.544,1.729,0.017,1.0594969501672953
2341.92,0.561,1.723,0.017,1.4273853781850825
2341.92,0.575,1.521,0.018,1.3734275981543251
2341.92,0.535,1.568,0.016,1.0984634703063132
2341.94,0.558,1.536,0.017,1.0541522390522597
2341.94,0.538,1.829,0.017,1.3328733325687652
2341.94,0.569,1.968,0.017,1.0566492815875481
2341.97,0.517,1.831,0.015,1.3818905742969765
2342.01,0.593,1.974,0.017,1.1714095216852074
2342.01,0.551,1.683,0.016,1.2872716064515786
2342.01,0.562,1.958,0.016,1.416039760168129
2342.01,0.535,1.971,0.018,1.419678865205881
2342.02,0.553,1.647,0.019,1.1873347743804132
2342.02,0.548,1.578,0.018,1.4859409103701469
2342.03,0.533,1.902,0.019,1.0430268045515618
2342.03,0.519,1.96,0.017,1.2301368817173532
2342.05,0.538,1.75,0.019,1.3582972420159078
2342.05,0.57,1.504,0.015,1.174271538637606
2342.06,0.567,1.775,0.017,1.2476048673580797
2342.07,0.526,1.676,0.018,1.2829834015063857
2342.07,0.516,1.632,0.017,1.006404465994834
2342.07,0.591,1.923,0.017,1.2257829469163861
2342.08,0.599,1.688,0.015,1.4941065932844586
2342.08,0.537,1.8,0.017,1.1543270029249513
2342.08,0.587,1.703,0.016,1.3914288330576854
2342.09,0.547,1.735,0.015,1.295164901430038
2342.1,0.511,1.931,0.016,1.4675741491768957
2342.1,0.542,1.927,0.017,1.4272613887459418
2342.1,0.585,1.655,0.019,1.1858196599173758
2342.11,0.558,1.611,0.015,1.0155888119724241
2342.12,0.523,1.981,0.016,1.3162073315703229
2342.12,0.545,1.577,0.018,1.1026513777676952
2342.13,0.587,1.779,0.017,1.2525906606659998
2342.14,0.543,1.676,0.015,1.2233969558541447
2342.15,0.515,1.86,0.019,1.1010043315317117
2342.19,0.58,1.956,0.017,1.0519876541341555
2342.2,0.594,1.506,0.018,1.1406784941181785
2342.2,0.593,1.791,0.018,1.11960999660266
2342.2,0.529,1.929,0.016,1.326315492624603
2342.2,0.588,1.597,0.019,1.2168162092661174
2342.21,0.588,1.904,0.017,1.2065449094694638
2342.22,0.559,1.768,0.019,1.4626614611470785
2342.23,0.562,1.61,0.019,1.11997987886342
2342.23,0.529,1.71,0.018,1.3260141578292854
2342.23,0.542,1.922,0.019,1.1661413531741607
2342.24,0.503,1.745,0.018,1.235484848526523
2342.24,0.585,1.546,0.015,1.3332684462954842
2342.26,0.586,1.93,0.019,1.0560488000408677
2342.26,0.544,1.796,0.016,1.019758617178744
2342.26,0.591,1.517,0.019,1.478161285762897
2342.27,0.588,1.934,0.015,1.2948239562567976
2342.29,0.535,1.851,0.017,1.4676876577744726
2342.33,0.566,1.961,0.017,1.0186148322837967
2342.34,0.544,1.56,0.016,1.0644871986101812
2342.34,0.577,1.592,0.017,1.1575057351855533
2342.34,0.573,1.686,0.018,1.1804722212386083
2342.35,0.53,1.689,0.015,1.1666801295789713
2342.36,0.534,1.843,0.019,1.4240236354850737
2342.38,0.516,1.828,0.018,1.3592351977283808
2342.39,0.564,1.645,0.015,1.4008612196093164
2342.39,0.534,1.545,0.017,1.037167617871275
2342.42,0.567,1.603,0.019,1.1423715650524344
2342.42,0.52,1.508,0.015,1.2767303960566574
2342.43,0.55,1.539,0.018,1.4484895051717888
2342.45,0.518,1.93,0.019,1.403089190048563
2342.45,0.532,1.707,0.018,1.0939711969468713
2342.46,0.565,1.55,0.016,1.4777883260740863
2342.46,0.546,1.892,0.016,1.1532644823243516
2342.47,0.501,1.972,0.017,1.4072183681786303
2342.47,0.537,1.817,0.016,1.014149714568718
2342.48,0.521,1.562,0.015,1.1683532154523253
2342.48,0.545,1.725,0.018,1.3006877876228427
2342.48,0.518,1.81,0.018,1.0292866834594305
2342.49,0.594,1.864,0.019,1.184189403726534
2342.49,0.53,1.894,0.017,1.1367263013715911
2342.49,0.562,1.908,0.015,1.4847687865000228
2342.49,0.556,1.999,0.015,1.3231728485535488
2342.51,0.555,1.804,0.015,1.4297975756263734
2342.52,0.527,1.633,0.019,1.2526352297866232
2342.52,0.563,1.864,0.017,1.436330050561729
2342.52,0.556,1.757,0.017,1.2596624579894184
2342.52,0.557,1.627,0.019,1.1170904188427717
2342.53,0.574,1.802,0.015,1.3659202584257193
2342.53,0.504,1.512,0.017,1.0352753263366399
2342.54,0.502,1.856,0.017,1.092017872693408
2342.54,0.591,1.922,0.019,1.3324594425749194
2342.56,0.501,1.846,0.015,1.4209367372096091
2342.57,0.579,1.867,0.018,1.030820284136286
2342.58,0.509,1.519,0.018,1.1830948788491678
2342.59,0.583,1.885,0.019,1.1984400273067575
2342.59,0.597,1.51,0.019,1.354185334643521
2342.6,0.578,1.566,0.017,1.0538007342115492
2342.61,0.571,1.577,0.018,1.4298712819585875
2342.61,0.558,1.774,0.016,1.160418949989026
2342.62,0.536,1.671,0.019,1.3166618278043845
2342.62,0.548,1.817,0.015,1.0848253578246077
2342.62,0.59,1.914,0.015,1.1361451406752159
2342.64,0.587,1.615,0.018,1.418536786527264
2342.65,0.511,1.601,0.018,1.388651400787547
2342.65,0.528,1.634,0.017,1.11842011143181
2342.66,0.576,1.89,0.015,1.4285267544637714
2342.66,0.557,1.8,0.016,1.3083736215936292
2342.67,0.578,1.572,0.017,1.360222995161217
2342.67,0.552,1.506,0.016,1.4355190008251055
2342.68,0.572,1.689,0.016,1.2712583925149743
2342.7,0.529,1.815,0.015,1.4452272572925429
2342.72,0.523,1.935,0.015,1.2104638283659548
2342.72,0.549,1.98,0.018,1.096530636314148
2342.72,0.588,1.821,0.015,1.206043445633295
2342.72,0.598,1.932,0.017,1.1313073425446984
2342.73,0.555,1.701,0.018,1.302714003216368
2342.74,0.598,1.545,0.017,1.4205760010040347
2342.74,0.508,1.601,0.016,1.2247523224734955
2342.74,0.508,1.547,0.019,1.1434365171873009
2342.74,0.547,1.559,0.019,1.2644677588140583
2342.75,0.56,1.506,0.017,1.0904878032716856
2342.76,0.506,1.536,0.018,1.370052070262962
2342.76,0.513,1.768,0.018,1.0250197388629902
2342.77,0.522,1.601,0.015,1.0361550173543281
2342.78,0.559,1.753,0.015,1.3320861367259584
2342.79,0.596,1.891,0.019,1.189088093177665
2342.79,0.517,1.574,0.018,1.287068657757381
2342.83,0.518,1.548,0.018,1.4084695276895387
2342.83,0.544,1.876,0.015,1.0544108948948026
2342.85,0.561,1.627,0.019,1.0686932004343317
2342.85,0.563,1.726,0.018,1.1718981691568608
2342.85,0.589,1.598,0.018,1.3613412594919494
2342.85,0.589,1.9,0.018,1.0536723871174827
2342.86,0.567,1.874,0.016,1.1868999854420414
2342.86,0.502,1.836,0.019,1.1524606463797584
2342.86,0.531,1.837,0.019,1.400822096355303
2342.87,0.52,1.829,0.016,1.020711973102099
2342.87,0.589,1.982,0.019,1.060389792938313
2342.87,0.56,1.735,0.015,1.3474234448855387
2342.87,0.591,1.556,0.015,1.1599918603795123
2342.87,0.56,1.623,0.019,1.2686116323591294
2342.87,0.579,1.67,0.017,1.0793357247446005
2342.88,0.567,1.913,0.019,1.33264906631543
2342.89,0.595,1.765,0.017,1.0176611436644052
2342.9,0.505,1.683,0.017,1.4725974059742422
2342.91,0.522,1.759,0.016,1.3260387140983847
2342.92,0.545,1.864,0.018,1.041038011623726
2342.92,0.545,1.864,0.018,1.4430559217672798
2342.94,0.515,1.779,0.018,1.3585001235635599
2342.95,0.511,1.814,0.015,1.3739268584479263
2342.96,0.566,1.604,0.017,1.075684162672213
2342.96,0.571,1.558,0.017,1.282195126846274
2342.97,0.574,1.702,0.016,1.0446996972852003
2342.97,0.54,1.875,0.015,1.3494717301191852
2342.97,0.561,1.718,0.015,1.416361168113868
2342.98,0.517,1.865,0.016,1.0947343627682855
2342.98,0.575,1.781,0.019,1.0407586979887187
2342.99,0.57,1.529,0.016,1.309518685996769
2342.99,0.511,1.96,0.017,1.2602359322778014
2342.99,0.532,1.862,0.016,1.2813006969445166
2343.01,0.58,1.784,0.016,1.1491333871095863
2343.02,0.546,1.744,0.015,1.0454337508366
2343.05,0.559,1.981,0.018,1.2728101200506567
2343.05,0.595,1.654,0.015,1.1056516669844283
2343.06,0.501,1.613,0.019,1.4559162951987321
2343.06,0.568,1.612,0.015,1.2090362395596261
2343.07,0.566,1.94,0.015,1.3629262103448783
2343.1,0.539,1.745,0.017,1.2289827163690927
2343.11,0.537,1.628,0.019,1.3000482331362886
2343.12,0.564,1.781,0.015,1.4003211926200065
2343.12,0.522,1.953,0.018,1.3023330341410162
2343.12,0.506,1.529,0.017,1.1439433538225312
2343.13,0.523,1.753,0.018,1.0667926707077067
2343.14,0.566,1.995,0.018,1.2215540871286237
2343.14,0.553,1.787,0.015,1.4973640764335887
2343.15,0.541,1.925,0.016,1.1538377939351414
2343.15,0.559,1.927,0.016,1.0209669648653752
2343.16,0.527,1.922,0.019,1.3276738346703478
2343.18,0.569,1.672,0.016,1.0911788784833605
2343.19,0.593,1.512,0.019,1.3929659603228646
2343.19,0.554,1.867,0.019,1.3281497410124132
2343.22,0.52,1.941,0.018,1.2083373445134673
2343.23,0.593,1.876,0.015,1.2924518455501377
2343.23,0.569,1.662,0.019,1.4422087457906076
2343.23,0.571,1.556,0.018,1.3572745869688805
2343.23,0.533,1.567,0.016,1.3873966106087776
2343.27,0.542,1.732,0.019,1.3482977124370645
2343.27,0.503,1.968,0.018,1.4606476862983548
2343.28,0.541,1.734,0.019,1.2017842075171865
2343.28,0.591,1.671,0.016,1.3315006075690203
2343.28,0.511,1.871,0.015,1.0120853745385503
2343.29,0.549,1.637,0.017,1.4049941298243778
2343.31,0.531,1.64,0.018,1.32213212718467
2343.31,0.516,1.77,0.018,1.1173773597465653
2343.31,0.539,1.631,0.017,1.0270738418457137
2343.32,0.509,1.5,0.017,1.053496906375647
2343.32,0.509,1.963,0.019,1.4624724271666603
2343.32,0.546,1.838,0.019,1.2589344568943424
2343.32,0.508,1.968,0.015,1.0316816598347989
2343.32,0.575,1.983,0.017,1.2024898490169311
2343.32,0.562,1.682,0.019,1.0692225467453307
2343.32,0.564,1.725,0.016,1.1647394922181424
2343.33,0.545,1.524,0.015,1.0135665184390765
2343.33,0.503,1.545,0.017,1.3891867069081747
2343.34,0.546,1.513,0.018,1.4432664314637969
2343.34,0.579,1.666,0.016,1.1156148201296945
2343.36,0.5,1.709,0.015,1.4355886153131574
2343.36,0.562,1.666,0.017,1.3422148608596665
2343.36,0.599,1.623,0.016,1.3193016116958636
2343.39,0.572,1.735,0.018,1.3094881988620959
2343.39,0.583,1.84,0.018,1.0478109604145645
2343.4,0.556,1.76,0.016,1.4648290028258377
2343.4,0.588,1.755,0.019,1.1846052573136103
2343.4,0.562,1.922,0.019,1.152660371914808
2343.42,0.5,1.579,0.018,1.3440373313969582
2343.43,0.506,1.746,0.017,1.164853033062882
2343.43,0.587,1.951,0.019,1.0397040699299114
2343.43,0.573,1.635,0.016,1.2545359642461122
2343.43,0.592,1.643,0.019,1.2288911266987275
2343.44,0.545,1.627,0.019,1.1490352361882048
2343.44,0.565,1.921,0.017,1.3418763960826392
2343.46,0.555,1.695,0.017,1.0720010728640061
2343.46,0.502,1.856,0.015,1.4481336490113765
2343.47,0.57,1.884,0.017,1.3091141410386624
2343.47,0.573,1.556,0.015,1.198024778361819
2343.48,0.579,1.952,0.015,1.2238342833881233
2343.48,0.567,1.773,0.018,1.4034745057686295
2343.48,0.537,1.549,0.019,1.3683136943863423
2343.49,0.566,1.897,0.019,1.0547585956081746
2343.51,0.52,1.827,0.019,1.1991841959002623
2343.51,0.58,1.656,0.018,1.0730483639975825
2343.52,0.598,1.551,0.018,1.007189240761395
2343.52,0.531,1.649,0.016,1.351384998390881
2343.55,0.548,1.571,0.018,1.3542114485733563
2343.56,0.545,1.869,0.018,1.3485355133368107
2343.57,0.568,1.508,0.018,1.1204576524647032
2343.57,0.514,1.608,0.017,1.0803806568604246
2343.57,0.544,1.76,0.015,1.3325607829107948
2343.58,0.585,1.941,0.017,1.3327465993921885
2343.58,0.543,1.561,0.017,1.057155380106277
2343.59,0.558,1.753,0.016,1.4704448832823247
2343.59,0.583,1.517,0.016,1.371377512501485
2343.6,0.524,1.851,0.015,1.4982673520731153
2343.61,0.571,1.529,0.019,1.2538723021723244
2343.62,0.575,1.732,0.016,1.3689716864668051
2343.63,0.576,1.904,0.018,1.4277329299911272
2343.63,0.549,1.706,0.016,1.293133037862179
2343.64,0.507,1.974,0.015,1.1414825304867888
2343.64,0.536,1.919,0.018,1.1083354179388545
2343.65,0.592,1.684,0.018,1.1681834494826537
2343.67,0.554,1.658,0.018,1.092021738459626
2343.67,0.541,1.94,0.017,1.0419816075941561
2343.67,0.507,1.677,0.017,1.2753805297388046
2343.68,0.563,1.511,0.018,1.087778348626895
2343.7,0.573,1.608,0.015,1.078108445297426
2343.7,0.55,1.859,0.016,1.1213264082969399
2343.7,0.523,1.842,0.015,1.4555163615473738
2343.7,0.501,1.744,0.017,1.3099271218026178
2343.7,0.513,1.65,0.015,1.3724710426607851
2343.71,0.536,1.966,0.015,1.3569751624442659
2343.72,0.509,1.845,0.018,1.023951233417261
2343.75,0.528,1.86,0.019,1.2140595088867985
2343.75,0.592,1.888,0.015,1.250231827649884
2343.75,0.575,1.801,0.017,1.2380222944849817
2343.76,0.542,1.604,0.019,1.020937440479004
2343.76,0.584,1.694,0.016,1.2977302281533794
2343.78,0.566,1.543,0.017,1.2025820030422414
2343.79,0.546,1.951,0.018,1.3409618163465384
2343.79,0.556,1.854,0.017,1.1047532147944459
2343.79,0.56,1.941,0.016,1.3854439471594047
2343.79,0.565,1.803,0.015,1.3559841931438459
2343.79,0.53,1.736,0.016,1.235049330785977
2343.81,0.502,1.57,0.016,1.1457918791161807
2343.82,0.566,1.857,0.019,1.2346826005056155
2343.82,0.568,1.82,0.016,1.2088057806041275
2343.83,0.54,1.8,0.016,1.2264037708227946
2343.84,0.55,1.537,0.016,1.09027134691784
2343.87,0.588,1.521,0.019,1.0105056152376717
2343.87,0.516,1.717,0.018,1.4644515910907376
2343.89,0.564,1.628,0.019,1.4261281140886635
2343.89,0.568,1.94,0.015,1.3578514937619313
2343.89,0.5,1.527,0.015,1.0868158525715272
2343.9,0.572,1.706,0.018,1.1046987585215582
2343.91,0.583,1.701,0.019,1.2123827131901206
2343.91,0.526,1.871,0.017,1.1998350432770062
2343.91,0.579,1.769,0.015,1.0642508174230223
2343.92,0.551,1.86,0.019,1.2114241688585627
2343.93,0.503,1.776,0.016,1.3670372620903193
2343.93,0.543,1.632,0.015,1.1438226015494029
2343.95,0.553,1.931,0.017,1.2340743093066937
2343.95,0.513,1.823,0.015,1.4506303600950112
2343.95,0.502,1.534,0.018,1.2718491156763632
2343.95,0.531,1.84,0.015,1.3686581086232554
2343.95,0.528,1.876,0.015,1.193797571327119
2343.96,0.546,1.801,0.015,1.2499224827397513
2343.96,0.588,1.686,0.019,1.4066671536166937
2343.97,0.531,1.533,0.018,1.2833033094931954
2343.99,0.573,1.805,0.018,1.2816565171940901
2344.0,0.542,1.908,0.015,1.4085982722936237
2344.0,0.542,1.732,0.015,1.29331289618066
2344.01,0.59,1.638,0.018,1.0837752311521105
2344.02,0.567,1.763,0.018,1.300293674965308
2344.02,0.593,1.561,0.018,1.0217883312646816
2344.03,0.517,1.684,0.015,1.4930271888988458
2344.03,0.52,1.669,0.016,1.2682378371255973
2344.05,0.521,1.581,0.019,1.3903605507776486
2344.06,0.51,1.584,0.018,1.3021941089064515
2344.06,0.51,1.965,0.019,1.098703055762719
2344.07,0.543,1.635,0.015,1.284125263093442
2344.1,0.505,1.879,0.016,1.2398526305427766
2344.11,0.581,1.686,0.019,1.1996734091302175
2344.11,0.525,1.858,0.017,1.3588134594609604
2344.11,0.523,1.809,0.018,1.1840269715131981
2344.12,0.599,1.913,0.015,1.4792042541937236
2344.12,0.544,1.606,0.019,1.250821313738529
2344.13,0.578,1.852,0.015,1.4047133086667043
2344.13,0.515,1.987,0.019,1.4633874109941423
2344.13,0.587,1.724,0.019,1.1473973546756204
2344.13,0.551,1.629,0.015,1.070893404729571
2344.14,0.524,1.532,0.018,1.2723558538942887
2344.14,0.502,1.508,0.015,1.419415494847013
2344.15,0.577,1.802,0.015,1.409301914773439
2344.15,0.5,1.853,0.017,1.098033191654058
2344.16,0.534,1.747,0.018,1.2596952941173976
2344.17,0.574,1.603,0.016,1.3510044993566612
2344.18,0.563,1.821,0.016,1.1161810396968421
2344.18,0.52,1.514,0.018,1.3968703409936452
2344.18,0.521,1.671,0.016,1.3492319398218193
2344.19,0.51,1.543,0.019,1.0884896460096667
2344.2,0.557,1.601,0.016,1.0403599938492158
2344.21,0.531,1.776,0.018,1.3108796756192584
2344.21,0.521,1.516,0.017,1.1421776254717897
2344.22,0.586,1.746,0.015,1.086252911189872
2344.22,0.508,1.776,0.019,1.285435751906537
2344.23,0.589,1.874,0.019,1.095078068483202
2344.23,0.5,1.519,0.015,1.3931678173042379
2344.23,0.59,1.828,0.015,1.2833102654696245
2344.24,0.528,1.874,0.019,1.3243483714069586
2344.25,0.561,1.87,0.019,1.0616275908450832
2344.26,0.535,1.733,0.019,1.0606564391843811
2344.27,0.516,1.561,0.019,1.1584453766005687
2344.27,0.583,1.695,0.016,1.455945709359057
2344.29,0.599,1.572,0.018,1.0290672711593518
2344.3,0.53,1.879,0.018,1.235420934353508
2344.3,0.536,1.677,0.015,1.3977191154980746
2344.3,0.586,1.682,0.018,1.0288499901014379
2344.31,0.539,1.743,0.016,1.2672340244905276
2344.31,0.577,1.716,0.015,1.3759031234067776
2344.31,0.512,1.559,0.017,1.3470738509013427
2344.31,0.552,1.839,0.015,1.3799762229364982
2344.31,0.509,1.889,0.016,1.3318072077634036
2344.32,0.551,1.583,0.015,1.1893599246643496
2344.32,0.564,1.641,0.018,1.1359413074554923
2344.33,0.519,1.804,0.018,1.402831176954285
2344.33,0.56,1.626,0.018,1.3198965598154717
2344.34,0.567,1.873,0.019,1.029627091927404
2344.35,0.546,1.506,0.015,1.2962231511161806
2344.35,0.514,1.872,0.019,1.1370694330726452
2344.36,0.557,1.72,0.017,1.161816010548617
2344.37,0.594,1.986,0.017,1.2019567926973236
2344.38,0.542,1.574,0.019,1.3629290927582423
2344.4,0.538,1.859,0.018,1.030406263247693
2344.4,0.538,1.925,0.015,1.3952989782647753
2344.41,0.565,1.822,0.019,1.086229555973172
2344.41,0.576,1.596,0.015,1.0721987726605027
2344.42,0.589,1.534,0.016,1.3070737541878437
2344.42,0.573,1.809,0.015,1.4881662430297848
2344.43,0.597,1.973,0.019,1.2197616414588501
2344.43,0.596,1.533,0.016,1.0600507759682232
2344.44,0.56,1.724,0.016,1.0402721503010683
2344.46,0.501,1.936,0.019,1.0718666394402054
2344.46,0.59,1.592,0.018,1.4042017065565089
2344.47,0.559,1.635,0.018,1.483931747252609
2344.48,0.512,1.736,0.017,1.1191599754002026
2344.48,0.569,1.912,0.017,1.230336139884001
2344.49,0.519,1.91,0.019,1.2691392652357119
2344.49,0.593,1.697,0.019,1.3227917381273562
2344.49,0.544,1.872,0.019,1.0539400671604522
2344.49,0.512,1.911,0.018,1.419927529649954
2344.5,0.503,1.546,0.017,1.035772804270794
2344.51,0.516,1.536,0.017,1.2697929006109212
2344.51,0.598,1.717,0.017,1.2191580880657207
2344.52,0.563,1.678,0.015,1.4900275389338313
2344.53,0.59,1.849,0.019,1.1670813911633027
2344.54,0.528,1.902,0.018,1.2434685985844396
2344.55,0.536,1.602,0.016,1.264838722405136
2344.58,0.53,1.959,0.016,1.0529434860970328
2344.59,0.536,1.825,0.017,1.248420637142659
2344.61,0.59,1.681,0.016,1.4492321718513488
2344.63,0.565,1.937,0.019,1.466342108338816
2344.64,0.533,1.839,0.015,1.0845383725955684
2344.64,0.532,1.899,0.015,1.0372567485712678
2344.65,0.547,1.927,0.016,1.0351326588930811
2344.65,0.503,1.99,0.017,1.3308724438917063
2344.67,0.516,1.907,0.019,1.2654219486864662
2344.67,0.522,1.864,0.015,1.0545122813157608
2344.67,0.506,1.898,0.019,1.3853640222131964
2344.68,0.576,1.901,0.018,1.0456531017020698
2344.68,0.546,1.52,0.016,1.3462993151748202
2344.69,0.552,1.596,0.015,1.4268626450326733
2344.69,0.554,1.798,0.019,1.0062027150618238
2344.69,0.504,1.891,0.017,1.2814223347695872
2344.7,0.528,1.979,0.019,1.3442598984030492
2344.71,0.514,1.913,0.016,1.0855849249545657
2344.71,0.538,1.591,0.016,1.2850223244261665
2344.72,0.578,1.846,0.015,1.1377440540410038
2344.72,0.561,1.624,0.015,1.431035416783101
2344.74,0.504,1.768,0.018,1.3147245687490878
2344.74,0.559,1.603,0.016,1.4682849924984787
2344.74,0.532,1.507,0.019,1.4431926044725376
2344.74,0.514,1.607,0.018,1.0488903057514143
2344.75,0.511,1.782,0.016,1.1105557919194786
2344.75,0.579,1.859,0.015,1.0395897567858008
2344.79,0.588,1.633,0.017,1.2533195393029437
2344.8,0.583,1.699,0.015,1.0476134070807552
2344.8,0.531,1.755,0.015,1.40348658617871
2344.8,0.538,1.603,0.018,1.3344568814852444
2344.82,0.587,1.861,0.016,1.1753990027407322
2344.82,0.558,1.913,0.019,1.3298027066926765
2344.84,0.506,1.701,0.016,1.4568001530076577
2344.84,0.554,1.988,0.016,1.0995852576900462
2344.85,0.538,1.75,0.017,1.1367237213743362
2344.86,0.556,1.58,0.015,1.451568005131787
2344.86,0.546,1.705,0.017,1.4787866591504797
2344.86,0.512,1.988,0.018,1.2667971765373436
2344.87,0.582,1.568,0.018,1.3605590547293138
2344.88,0.576,1.554,0.017,1.2220014997694317
2344.89,0.581,1.712,0.017,1.0927653653690177
2344.91,0.567,1.639,0.019,1.0842519888476592
2344.92,0.512,1.942,0.016,1.4638683434409565
2344.93,0.551,1.781,0.019,1.1211005256873023
2344.94,0.506,1.877,0.017,1.1510531526821879
2344.95,0.553,1.71,0.016,1.1152857481408598
2344.95,0.563,1.688,0.015,1.4106382247274503
2344.96,0.531,1.592,0.018,1.3135921301049631
2344.96,0.566,1.672,0.018,1.33010619421371
2344.96,0.578,1.612,0.016,1.0037961961529278
2344.97,0.579,1.969,0.019,1.4870202987502892
2344.98,0.55,1.901,0.016,1.0886295394619998
2344.98,0.508,1.533,0.018,1.4696586212952854
2344.99,0.59,1.761,0.018,1.1858813781017699
2344.99,0.53,1.543,0.015,1.4060708100930448
2345.01,0.502,1.948,0.019,1.4899795598050154
2345.01,0.583,1.662,0.018,1.1164635924371735
2345.01,0.598,1.999,0.015,1.2083388908915622
2345.03,0.54,1.675,0.018,1.0269134273343452
2345.04,0.527,1.813,0.017,1.0658008561902776
2345.04,0.536,1.809,0.015,1.4401448714007503
2345.04,0.527,1.824,0.018,1.2215951108410699
2345.05,0.517,1.708,0.015,1.4899191960531992
2345.07,0.551,1.75,0.015,1.3752320714852748
2345.07,0.594,1.784,0.019,1.4743166877887053
2345.07,0.519,1.804,0.016,1.0812863106139972
2345.08,0.548,1.539,0.017,1.2794346879015688
2345.09,0.538,1.953,0.019,1.2991244605172714
2345.11,0.52,1.779,0.018,1.1813058286094005
2345.11,0.546,1.742,0.015,1.3721386454601174
2345.12,0.58,1.632,0.016,1.2345604027833272
2345.12,0.592,1.843,0.019,1.0235003930640563
2345.14,0.588,1.947,0.018,1.3719658219920892
2345.14,0.552,1.587,0.016,1.269371042871572
2345.14,0.503,1.98,0.017,1.1683625695439757
2345.14,0.545,1.743,0.017,1.2700668011976717
2345.15,0.573,1.608,0.019,1.0915220537382
2345.16,0.544,1.957,0.017,1.110592242233772
2345.16,0.599,1.562,0.017,1.3610700724843179
2345.16,0.589,1.696,0.019,1.0425332099916822
2345.17,0.565,1.565,0.015,1.1544273833905578
2345.17,0.578,1.83,0.015,1.0049308386932143
2345.18,0.531,1.666,0.016,1.3412584414906383
2345.2,0.559,1.501,0.017,1.279826682727384
2345.22,0.509,1.993,0.015,1.473070270245882
2345.22,0.535,1.917,0.017,1.3893567023382307
2345.22,0.548,1.819,0.017,1.4884631115417561
2345.23,0.501,1.86,0.018,1.4056218712342066
2345.25,0.505,1.926,0.017,1.1841930981966386
2345.26,0.526,1.928,0.016,1.072342362836416
2345.26,0.57,1.635,0.017,1.3885747244007378
2345.27,0.598,1.858,0.015,1.3267868073459053
2345.27,0.541,1.8,0.018,1.163422459439577
2345.27,0.579,1.548,0.018,1.2979512551949872
2345.29,0.54,1.58,0.018,1.4047207938374964
2345.29,0.552,1.556,0.019,1.3711938226330598
2345.29,0.544,1.575,0.015,1.278490834225705
2345.29,0.534,1.587,0.017,1.1449644207914336
2345.31,0.583,1.571,0.018,1.1674381296581626
2345.32,0.576,1.858,0.017,1.0099615824626975
2345.32,0.578,1.949,0.018,1.094937373027295
2345.33,0.592,1.624,0.015,1.3011051864186756
2345.33,0.512,1.975,0.017,1.1083945354771683
2345.33,0.588,1.962,0.019,1.2905563464714322
2345.34,0.566,1.943,0.016,1.16453593512081
2345.35,0.533,1.708,0.015,1.3529996847350487
2345.37,0.51,1.999,0.018,1.1563877906053552
2345.37,0.571,1.713,0.019,1.0592662499108412
2345.39,0.541,1.575,0.017,1.254622364415899
2345.39,0.546,1.994,0.019,1.2355503735446909
2345.4,0.522,1.722,0.016,1.3042281012248915
2345.4,0.5,1.855,0.015,1.0361661552282502
2345.41,0.509,1.653,0.019,1.0459131128301853
2345.41,0.554,1.86,0.019,1.3828486469614631
2345.42,0.583,1.782,0.019,1.3206644688043516
2345.42,0.58,1.972,0.016,1.2441902441886425
2345.42,0.501,1.801,0.019,1.4005281055610406
2345.43,0.525,1.757,0.017,1.3949367948457398
2345.44,0.522,1.811,0.018,1.2613962721040537
2345.45,0.558,1.5,0.017,1.29855705516922
2345.45,0.577,1.752,0.017,1.4946207150604727
2345.45,0.53,1.562,0.015,1.1311338314929587
2345.45,0.563,1.92,0.019,1.4944879758731417
2345.46,0.507,1.527,0.016,1.4043810081520527
2345.46,0.58,1.727,0.017,1.391449486888967
2345.46,0.515,1.563,0.016,1.3277618476503559
2345.47,0.5,1.645,0.019,1.2173361649047194
2345.48,0.574,1.713,0.017,1.0972264461835657
2345.49,0.581,1.812,0.016,1.0632169934235833
2345.49,0.573,1.778,0.018,1.2533853099113528
2345.51,0.585,1.76,0.018,1.046244693954954
2345.52,0.529,1.779,0.016,1.3050770679954102
2345.53,0.586,1.915,0.017,1.4558165652490198
2345.53,0.5,1.863,0.017,1.2871833317668901
2345.54,0.506,1.912,0.017,1.1269318720403545
2345.55,0.55,1.718,0.018,1.3729852911942977
2345.56,0.51,1.77,0.018,1.3022303708367962
2345.57,0.515,1.972,0.016,1.218065411518825
2345.58,0.576,1.949,0.017,1.2811310511380989
2345.58,0.552,1.829,0.015,1.0100792380915866
2345.59,0.559,1.936,0.015,1.1394176302956176
2345.6,0.545,1.606,0.016,1.0193866548631954
2345.61,0.54,1.685,0.019,1.1069667236636513
2345.61,0.574,1.849,0.017,1.2717722228017432
2345.62,0.53,1.714,0.015,1.1165103796000382
2345.64,0.519,1.501,0.018,1.0240183538603513
2345.64,0.58,1.882,0.018,1.2981882294837743
2345.68,0.549,1.949,0.017,1.0128112267863485
2345.7,0.568,1.831,0.017,1.4503412971137268
2345.71,0.584,1.731,0.016,1.0197985721657323
2345.72,0.565,1.677,0.019,1.3891338645745757
2345.72,0.548,1.924,0.017,1.3355656188335459
2345.72,0.556,1.993,0.015,1.190551391865504
2345.73,0.507,1.884,0.015,1.1894340633792941
2345.74,0.524,1.897,0.019,1.2939424996974922
2345.74,0.585,1.866,0.019,1.1351566202438406
2345.75,0.55,1.636,0.019,1.137322420845789
2345.75,0.549,1.693,0.018,1.0245465764146318
2345.77,0.582,1.938,0.018,1.2592932198900009
2345.77,0.503,1.89,0.015,1.3572086862414432
2345.77,0.538,1.534,0.016,1.3945286697257688
2345.79,0.508,1.818,0.017,1.241340967550748
2345.8,0.554,1.993,0.017,1.0692453843372964
2345.8,0.584,1.714,0.015,1.136037716152965
2345.81,0.52,1.896,0.019,1.0360805509323103
2345.81,0.593,1.537,0.018,1.2073364209515902
2345.82,0.58,1.545,0.015,1.4947941705948602
2345.84,0.576,1.6,0.018,1.1709490519914265
2345.84,0.542,1.702,0.017,1.1891607480326514
2345.85,0.547,1.94,0.017,1.2419780000329517
2345.86,0.576,1.51,0.018,1.2578529381660128
2345.87,0.511,1.69,0.016,1.3321038451626275
2345.91,0.5,1.862,0.017,1.03014207515835
2345.95,0.56,1.849,0.016,1.455432684895461
2345.97,0.588,1.594,0.017,1.0674670678638092
2345.97,0.52,1.873,0.019,1.1489527815121363
2345.97,0.519,1.812,0.015,1.1228768448389577
2345.98,0.509,1.652,0.019,1.2077366069684907
2345.98,0.542,1.947,0.018,1.2102753243536748
2346.0,0.522,1.565,0.016,1.2408315243959984
2346.01,0.593,1.672,0.016,1.431292563027153
2346.01,0.537,1.611,0.018,1.4846548909873778
2346.01,0.578,1.631,0.019,1.4040826785133598
2346.02,0.511,1.503,0.015,1.4540862420243625
2346.02,0.582,1.943,0.017,1.334346537225768
2346.04,0.588,1.711,0.018,1.223680634813845
2346.05,0.585,1.739,0.018,1.229706603056217
2346.05,0.578,1.957,0.015,1.456789536130699
2346.06,0.551,1.694,0.015,1.4727389922238951
2346.07,0.547,1.708,0.018,1.1016326754367582
2346.07,0.539,1.715,0.019,1.3332258075355572
2346.09,0.519,1.888,0.017,1.303359111103136
2346.1,0.505,1.728,0.019,1.0180773390148736
2346.1,0.539,1.94,0.019,1.2992663595239775
2346.11,0.51,1.644,0.018,1.2473906329723665
2346.12,0.541,1.812,0.017,1.101775167424735
2346.12,0.561,1.735,0.016,1.3271097065671342
2346.12,0.544,1.594,0.019,1.479699265381376
2346.13,0.546,1.976,0.017,1.1225722948902246
2346.14,0.535,1.882,0.016,1.177203372159442
2346.17,0.552,1.519,0.019,1.450981563229145
2346.17,0.549,1.984,0.018,1.1043472801706111
2346.18,0.504,1.682,0.017,1.2957704242009898
2346.21,0.519,1.555,0.015,1.0697897832648742
2346.21,0.502,1.901,0.018,1.073489936306217
2346.21,0.565,1.987,0.017,1.0031302447089248
2346.23,0.571,1.932,0.018,1.1090625448896598
2346.23,0.571,1.606,0.019,1.0148998632791306
2346.23,0.546,1.769,0.016,1.4885475502374357
2346.25,0.505,1.675,0.017,1.0989690530775875
2346.25,0.531,1.735,0.018,1.1019383140113577
2346.25,0.561,1.806,0.016,1.3097326233077347
2346.26,0.586,1.904,0.019,1.0782160148007447
2346.27,0.586,1.871,0.018,1.039870093834874
2346.27,0.525,1.985,0.017,1.2258377947495054
2346.28,0.588,1.809,0.017,1.335306300312846
2346.3,0.515,1.693,0.018,1.1112344322694219
2346.3,0.591,1.513,0.018,1.2845844549893373
2346.31,0.504,1.737,0.018,1.324717770974184
2346.31,0.577,1.538,0.015,1.0830112506843035
2346.31,0.524,1.666,0.018,1.144678725253253
2346.32,0.593,1.652,0.019,1.0505516720809025
2346.32,0.59,1.779,0.015,1.3896029884165815
2346.32,0.54,1.793,0.019,1.1353051080666714
2346.33,0.573,1.512,0.019,1.2886914524785784
2346.33,0.591,1.624,0.018,1.4712658282891384
2346.34,0.577,1.973,0.016,1.1151235500914316
2346.35,0.511,1.509,0.015,1.2989951979621532
2346.36,0.52,1.811,0.019,1.047844316700976
2346.37,0.553,1.848,0.015,1.0683718172730432
2346.37,0.517,1.713,0.016,1.3336528925675046
2346.39,0.507,1.967,0.018,1.4804600482356016
2346.4,0.568,1.963,0.015,1.061759903742447
2346.4,0.569,1.931,0.016,1.4627176048041275
2346.41,0.574,1.688,0.015,1.062224960977737
2346.41,0.554,1.596,0.017,1.2401052841481524
2346.42,0.509,1.729,0.016,1.400729013871632
2346.42,0.595,1.763,0.019,1.481826218812528
2346.43,0.519,1.692,0.019,1.0920680793783157
2346.43,0.512,1.778,0.017,1.3834963408165193
2346.45,0.542,1.804,0.017,1.1399677371583734
2346.45,0.568,1.531,0.015,1.315916166048523
2346.48,0.597,1.619,0.015,1.4134111361047212
2346.49,0.574,1.877,0.019,1.182425790893419
2346.51,0.568,1.724,0.017,1.2286425422505913
2346.51,0.516,1.83,0.016,1.4807508916147982
2346.51,0.531,1.885,0.017,1.3456012755034357
2346.52,0.521,1.959,0.015,1.2950080384721327
2346.54,0.545,1.99,0.018,1.461994314414922
2346.54,0.59,1.94,0.017,1.1002171763509063
2346.56,0.573,1.969,0.016,1.2175634791795928
2346.57,0.539,1.801,0.015,1.3719803409196816
2346.58,0.598,1.764,0.016,1.2029864580335756
2346.6,0.574,1.748,0.019,1.02248123112231
2346.62,0.524,1.675,0.019,1.156778780405297
2346.62,0.574,1.902,0.018,1.1987517714781566
2346.64,0.523,1.512,0.016,1.2762432825474073
2346.64,0.57,1.827,0.019,1.0361999126484709
2346.64,0.556,1.602,0.018,1.3904948243787187
2346.66,0.511,1.966,0.016,1.426219778705933
2346.66,0.509,1.682,0.019,1.3735633877566165
2346.67,0.583,1.612,0.018,1.3084801099107244
2346.68,0.5,1.707,0.015,1.1095387149951912
2346.69,0.527,1.654,0.019,1.1032436614458487
2346.71,0.541,1.763,0.017,1.1849991299509746
2346.72,0.531,1.567,0.018,1.1391719844515715
2346.72,0.527,1.663,0.015,1.0437185824288528
2346.73,0.597,1.922,0.016,1.1833808807573671
2346.73,0.532,1.525,0.019,1.012331830421239
2346.74,0.537,1.593,0.018,1.3064850069694436
2346.74,0.537,1.89,0.019,1.12454340900442
2346.75,0.592,1.864,0.018,1.2022715185490982
2346.75,0.573,1.567,0.016,1.0841508084770046
2346.76,0.586,1.638,0.017,1.0190750865479827
2346.77,0.523,1.91,0.018,1.060643140303776
2346.77,0.549,1.627,0.018,1.1725476272773045
2346.78,0.581,1.718,0.017,1.2017848290590416
2346.78,0.533,1.969,0.015,1.00400616225624
2346.79,0.513,1.654,0.016,1.4795517411388457
2346.83,0.526,1.992,0.019,1.0556414922195572
2346.83,0.508,1.524,0.015,1.4259855975416902
2346.84,0.512,1.652,0.017,1.4953422818249449
2346.84,0.501,1.965,0.015,1.2725504427836345
2346.84,0.545,1.895,0.019,1.0522106798951087
2346.85,0.546,1.776,0.015,1.190959630479307
2346.86,0.522,1.569,0.019,1.1204231230933681
2346.87,0.548,1.635,0.018,1.2037751510820844
2346.87,0.598,1.521,0.016,1.3605550481689668
2346.89,0.566,1.767,0.017,1.0874092233796842
2346.89,0.54,1.817,0.018,1.3942515921119696
2346.89,0.541,1.654,0.018,1.362923297176379
2346.9,0.551,1.964,0.015,1.4784537052656765
2346.91,0.548,1.573,0.019,1.1506702772631923
2346.91,0.546,1.644,0.015,1.4810018611011053
2346.92,0.516,1.891,0.015,1.260288704716057
2346.92,0.508,1.711,0.018,1.1820594209260509
2346.92,0.528,1.523,0.015,1.2875774392914308
2346.93,0.54,1.872,0.016,1.0044101273745558
2346.93,0.598,1.843,0.016,1.1632328843334885
2346.93,0.561,1.882,0.017,1.331344499159675
2346.94,0.514,1.553,0.018,1.4053342714101515
2346.96,0.594,1.991,0.018,1.022078622732111
2346.98,0.504,1.532,0.017,1.3815369711475947
2346.98,0.581,1.652,0.019,1.2133530538334922
2347.0,0.522,1.659,0.015,1.0361202718567448
2347.01,0.593,1.84,0.019,1.26501166182149
2347.02,0.578,1.804,0.017,1.397285291928106
2347.03,0.555,1.737,0.017,1.4351101524525152
2347.03,0.503,1.787,0.015,1.4355053971899763
2347.04,0.543,1.637,0.019,1.0834939445598426
2347.04,0.557,1.925,0.015,1.4881486597638762
2347.05,0.586,1.839,0.019,1.460224733891703
2347.06,0.55,1.963,0.015,1.2943874524493126
2347.06,0.579,1.556,0.016,1.019903981303099
2347.07,0.59,1.941,0.015,1.1356226040345558
2347.08,0.565,1.598,0.016,1.2337734189002285
2347.08,0.538,1.63,0.015,1.451134453123312
2347.09,0.599,1.698,0.016,1.0907524078818644
2347.09,0.586,1.6,0.017,1.2638287941975204
2347.09,0.594,1.651,0.019,1.375848228641685
2347.1,0.566,1.651,0.016,1.4465293071181935
2347.1,0.573,1.975,0.019,1.1956380687352104
2347.12,0.538,1.861,0.016,1.264761076961804
2347.13,0.587,1.898,0.015,1.0367914446440483
2347.14,0.578,1.956,0.016,1.4080701998726144
2347.16,0.513,1.65,0.018,1.1287482511216709
2347.16,0.585,1.95,0.015,1.379492677114979
2347.16,0.532,1.985,0.015,1.007470733262571
2347.17,0.548,1.845,0.016,1.2422618071265317
2347.18,0.534,1.785,0.019,1.365258431502624
2347.18,0.572,1.59,0.018,1.1269518051884584
2347.19,0.527,1.771,0.016,1.3515651550282288
2347.2,0.583,1.867,0.018,1.2914765119492482
2347.21,0.514,1.501,0.019,1.494741130649556
2347.23,0.562,1.694,0.019,1.402502504729405
2347.24,0.531,1.577,0.017,1.3855158773797853
2347.27,0.543,1.871,0.016,1.0516129630454518
2347.27,0.561,1.662,0.019,1.1581750660337602
2347.29,0.549,1.885,0.015,1.3287691934914057
2347.29,0.573,1.729,0.015,1.1616662091217647
2347.3,0.552,1.878,0.016,1.4927884532435631
2347.31,0.588,1.692,0.015,1.0031902335988803
2347.32,0.556,1.626,0.017,1.0850302875021154
2347.32,0.546,1.948,0.019,1.08795677235894
2347.32,0.581,1.774,0.015,1.2684362414066368
2347.32,0.553,1.843,0.017,1.0665683881375019
2347.33,0.562,1.763,0.015,1.0726977072922317
2347.34,0.508,1.651,0.019,1.4925348173265616
2347.36,0.504,1.891,0.015,1.3554253356653325
2347.37,0.598,1.747,0.016,1.3976335855943436
2347.37,0.54,1.832,0.018,1.1600420919919012
2347.38,0.513,1.869,0.018,1.1827064513275454
2347.38,0.579,1.857,0.016,1.1106375446775385
2347.39,0.566,1.96,0.016,1.4359848228715146
2347.41,0.564,1.663,0.015,1.292491171447044
2347.42,0.566,1.573,0.015,1.0596561303615073
2347.42,0.537,1.567,0.016,1.0286946002132746
2347.43,0.557,1.988,0.015,1.0234711124349045
2347.43,0.541,1.831,0.019,1.0770032783670311
2347.44,0.544,1.52,0.019,1.4026082757008016
2347.44,0.557,1.617,0.016,1.2853098048399836
2347.44,0.526,1.848,0.019,1.071336197239118
2347.44,0.522,1.932,0.017,1.1987753735664406
2347.45,0.501,1.935,0.015,1.2753760246784487
2347.46,0.541,1.771,0.016,1.0493315225710536
2347.46,0.581,1.943,0.019,1.1017454786599206
2347.46,0.578,1.82,0.017,1.0747590036857275
2347.49,0.59,1.918,0.019,1.354680279708153
2347.5,0.536,1.834,0.019,1.110629984216923
2347.5,0.503,1.812,0.015,1.362431870126585
2347.51,0.597,1.665,0.016,1.1258952917182636
2347.51,0.579,1.563,0.016,1.4210887242727586
2347.52,0.589,1.589,0.017,1.1836322020482297
2347.54,0.581,1.668,0.015,1.1671506462899437
2347.57,0.564,1.586,0.016,1.2341116394636447
2347.57,0.571,1.863,0.017,1.151869031141747
2347.58,0.572,1.788,0.019,1.2775891293078487
2347.58,0.596,1.534,0.015,1.064993597226041
2347.58,0.576,1.955,0.017,1.0172618057282838
2347.58,0.506,1.685,0.019,1.4675192849938927
2347.6,0.571,1.538,0.018,1.1781354239356494
2347.6,0.56,1.741,0.019,1.1685617623193751
2347.61,0.526,1.845,0.019,1.0200394224228715
2347.62,0.55,1.987,0.015,1.3328602364156132
2347.62,0.596,1.646,0.017,1.273937103443494
2347.63,0.527,1.891,0.018,1.463451654738749
2347.65,0.579,1.995,0.018,1.2193732254101042
2347.65,0.546,1.869,0.015,1.3821972193731422
2347.66,0.542,1.841,0.019,1.4306570897077378
2347.68,0.578,1.99,0.018,1.3787756853218465
2347.7,0.506,1.712,0.016,1.2665067264276582
2347.7,0.519,1.933,0.015,1.10629429777608
2347.71,0.513,1.635,0.018,1.0804365558592246
2347.72,0.544,1.968,0.018,1.4775578359509445
2347.72,0.584,1.672,0.017,1.3621874575738884
2347.73,0.512,1.708,0.017,1.3163070528711796
2347.75,0.529,1.607,0.015,1.0171209095528981
2347.75,0.504,1.992,0.019,1.019418095755229
2347.76,0.57,1.563,0.019,1.328438825154126
2347.76,0.535,1.53,0.019,1.345949185937126
2347.76,0.536,1.731,0.015,1.0954663861119243
2347.76,0.545,1.912,0.016,1.4354213831513731
2347.77,0.556,1.759,0.017,1.4700291164737092
2347.77,0.558,1.748,0.015,1.3169066419810305
2347.77,0.581,1.819,0.015,1.397147510789409
2347.79,0.55,1.991,0.019,1.004545295359424
2347.79,0.571,1.958,0.015,1.4331695294569804
2347.79,0.58,1.532,0.017,1.4249905187034209
2347.8,0.573,1.87,0.018,1.0831902413608767
2347.81,0.561,1.93,0.015,1.223745329803274
2347.81,0.526,1.649,0.019,1.0712008412039005
2347.82,0.561,1.678,0.017,1.2724747548273907
2347.82,0.531,1.787,0.017,1.1105485430621576
2347.82,0.512,1.877,0.016,1.4301132514019885
2347.87,0.538,1.844,0.019,1.4773227728888925
2347.87,0.533,1.956,0.015,1.3402573641938575
2347.88,0.533,1.938,0.016,1.3865975292512955
2347.89,0.59,1.846,0.017,1.3601769485125461
2347.91,0.502,1.661,0.015,1.2588728431799305
2347.92,0.571,1.629,0.019,1.2600465098764633
2347.92,0.542,1.893,0.019,1.2437109603729468
2347.93,0.518,1.6,0.015,1.237623420162723
2347.93,0.53,1.818,0.015,1.3060717080435034
2347.95,0.543,1.574,0.016,1.3860582947372033
2347.95,0.567,1.732,0.018,1.3097834809407043
2347.97,0.513,1.55,0.017,1.0393162496400614
2347.97,0.525,1.887,0.015,1.4427231811922625
2347.97,0.588,1.745,0.017,1.437996324559193
2347.99,0.592,1.998,0.019,1.0860439660376084
2347.99,0.517,1.986,0.015,1.4549374746306374
2347.99,0.502,1.661,0.015,1.1576312438520469
2347.99,0.564,1.998,0.019,1.2335172187736827
2348.0,0.567,1.762,0.018,1.478621685829892
2348.0,0.56,1.696,0.016,1.452812071398033
2348.01,0.552,1.858,0.019,1.469567733562479
2348.03,0.57,1.955,0.015,1.1805584751801197
2348.03,0.54,1.87,0.017,1.169373177637918
2348.03,0.519,1.942,0.016,1.0319096816490934
2348.04,0.515,1.87,0.017,1.4797384829904747
2348.04,0.535,1.528,0.015,1.247864872839379
2348.05,0.515,1.692,0.017,1.3042355143985451
2348.05,0.539,1.705,0.018,1.3731354722131386
2348.05,0.591,1.634,0.019,1.1073505167570121
2348.05,0.555,1.501,0.017,1.413524124902768
2348.06,0.556,1.705,0.015,1.2813430282245655
2348.07,0.57,1.503,0.016,1.3741886897294757
2348.07,0.507,1.697,0.015,1.1662199790860928
2348.09,0.535,1.603,0.018,1.465417270411875
2348.11,0.57,1.96,0.017,1.3830333511085418
2348.11,0.59,1.631,0.015,1.4437804363407003
2348.12,0.535,1.528,0.015,1.3374246997364032
2348.13,0.559,1.968,0.017,1.2954570156350806
2348.13,0.592,1.591,0.016,1.211823920573563
2348.14,0.587,1.638,0.019,1.2815752154667845
2348.15,0.548,1.658,0.016,1.3517506856226196
2348.15,0.534,1.504,0.016,1.4289469706180293
2348.15,0.535,1.997,0.017,1.1657406252413
2348.16,0.519,1.637,0.015,1.070283532437449
2348.16,0.581,1.556,0.018,1.1100968195380567
2348.16,0.563,1.793,0.017,1.43083605329976
2348.16,0.531,1.652,0.017,1.22057012399719
2348.16,0.534,1.916,0.018,1.325821366737153
2348.19,0.528,1.861,0.015,1.053814313406161
2348.19,0.537,1.543,0.015,1.1389206537272454
2348.2,0.548,1.534,0.018,1.32458788601613
2348.2,0.574,1.715,0.018,1.2837656134779716
2348.23,0.576,1.93,0.017,1.4273952453199932
2348.23,0.58,1.538,0.018,1.035719788893804
2348.25,0.573,1.593,0.018,1.3394843857503167
2348.26,0.577,1.947,0.018,1.3823057371799503
2348.27,0.572,1.738,0.017,1.2622509353122395
2348.27,0.564,1.954,0.017,1.2191049336833961
2348.29,0.53,1.531,0.019,1.1179266858712578
2348.3,0.598,1.876,0.015,1.0107769023253133
2348.31,0.569,1.896,0.017,1.426580218876597
2348.31,0.508,1.764,0.019,1.3493027246518263
2348.35,0.591,1.526,0.017,1.3805550959163095
2348.36,0.583,1.907,0.018,1.1635791117418002
2348.36,0.548,1.511,0.017,1.0382247302093712
2348.36,0.583,1.547,0.015,1.248670308295274
2348.37,0.554,1.586,0.019,1.2740875828635578
2348.37,0.593,1.562,0.018,1.4438997194013492
2348.39,0.588,1.92,0.018,1.361002078406218
2348.39,0.523,1.987,0.016,1.392603353624427
2348.39,0.561,1.779,0.017,1.3298552692118957
2348.4,0.502,1.798,0.019,1.0172638475114069
2348.4,0.521,1.715,0.016,1.0108663328422245
2348.41,0.579,1.527,0.017,1.0667964846875173
2348.41,0.571,1.897,0.018,1.2728992482326644
2348.41,0.507,1.957,0.017,1.3342558510122913
2348.42,0.553,1.739,0.017,1.2460416028893855
2348.43,0.585,1.738,0.018,1.3187794177882344
2348.43,0.588,1.726,0.018,1.2872844491286877
2348.44,0.502,1.755,0.016,1.311405417767113
2348.46,0.589,1.978,0.018,1.4013372989897466
2348.48,0.59,1.573,0.015,1.2975608498336304
2348.48,0.506,1.593,0.018,1.2553046532398495
2348.49,0.52,1.578,0.018,1.4632765903503586
2348.5,0.527,1.933,0.018,1.1694007718708037
2348.51,0.516,1.816,0.019,1.379872708348673
2348.57,0.534,1.719,0.019,1.1696388223077914
2348.57,0.521,1.991,0.018,1.0102489777097712
2348.59,0.558,1.751,0.016,1.2469065655665292
2348.6,0.58,1.694,0.019,1.0187564936845088
2348.6,0.558,1.546,0.016,1.4219681696563093
2348.61,0.583,1.671,0.016,1.4424773465096703
2348.62,0.513,1.694,0.016,1.4980492466435509
2348.62,0.517,1.961,0.015,1.4418907179869753
2348.63,0.518,1.932,0.018,1.0410727617042388
2348.63,0.515,1.804,0.016,1.3750887082141063
2348.64,0.599,1.922,0.018,1.4660763935896788
2348.66,0.536,1.92,0.019,1.1656945116436195
2348.67,0.556,1.918,0.018,1.227346748589809
2348.67,0.526,1.705,0.015,1.432102111264398
2348.68,0.585,1.824,0.016,1.3330181879046492
2348.68,0.534,1.893,0.017,1.3864288936879532
2348.68,0.525,1.636,0.019,1.3621622061280725
2348.69,0.57,1.797,0.016,1.0656031316484755
2348.69,0.555,1.898,0.015,1.3356031157400083
2348.69,0.564,1.893,0.018,1.445854471686329
2348.71,0.545,1.749,0.019,1.4427708717076033
2348.73,0.515,1.81,0.018,1.019368690366652
2348.73,0.545,1.538,0.016,1.0135710999927445
2348.76,0.527,1.791,0.018,1.2499005539782055
2348.76,0.548,1.954,0.017,1.2982973776379656
2348.77,0.57,1.658,0.019,1.0477937263324675
2348.77,0.55,1.774,0.019,1.1815308136761868
2348.78,0.574,1.598,0.017,1.0489153404004292
2348.79,0.545,1.808,0.015,1.4748587741752799
2348.8,0.566,1.964,0.018,1.011492905814344
2348.83,0.555,1.747,0.015,1.1710278455218877
2348.85,0.534,1.868,0.017,1.1135748258743337
2348.85,0.538,1.731,0.015,1.0544024812376815
2348.85,0.583,1.69,0.018,1.1092916386184661
2348.85,0.562,1.707,0.018,1.468043555756373
2348.85,0.584,1.754,0.017,1.3743982018540533
2348.86,0.587,1.862,0.015,1.2607202777828737
2348.86,0.553,1.721,0.017,1.0640939065929675
2348.87,0.574,1.571,0.017,1.062365011255297
2348.89,0.542,1.523,0.018,1.4374902811796209
2348.89,0.572,1.595,0.017,1.4446198090607507
2348.92,0.579,1.906,0.017,1.1223835270354876
2348.93,0.524,1.797,0.017,1.2260379174687581
2348.93,0.53,1.723,0.019,1.2497342524873847
2348.93,0.581,1.809,0.018,1.3917474620308636
2348.93,0.593,1.57,0.015,1.4690831980860881
2348.93,0.533,1.957,0.017,1.4680851806843753
2348.94,0.535,1.89,0.015,1.4412458974402056
2348.94,0.577,1.812,0.018,1.1016601533478954
2348.95,0.563,1.931,0.018,1.3284155940802589
2348.96,0.509,1.545,0.016,1.012837689437245
2348.97,0.595,1.539,0.015,1.1117668218077779
2348.99,0.5,1.877,0.018,1.4762090828290089
2349.0,0.544,1.757,0.018,1.1023701415203953
2349.0,0.581,1.837,0.016,1.1481432534259841
2349.02,0.541,1.681,0.016,1.1787185045781958
2349.02,0.51,1.98,0.016,1.1805399267826664
2349.03,0.522,1.783,0.015,1.3360321612175126
2349.04,0.502,1.759,0.015,1.411287319980199
2349.06,0.521,1.874,0.015,1.3330632935759457
2349.06,0.532,1.692,0.015,1.016991690618903
2349.07,0.505,1.781,0.016,1.469627719869118
2349.07,0.508,1.616,0.015,1.304354828810226
2349.08,0.547,1.935,0.019,1.200982759574172
2349.08,0.558,1.834,0.015,1.2207161369077117
2349.09,0.562,1.547,0.018,1.4392348000604733
2349.09,0.543,1.788,0.018,1.1549745949889432
2349.09,0.568,1.642,0.019,1.4208729447751791
2349.1,0.576,1.535,0.016,1.408846443904281
2349.1,0.516,1.584,0.015,1.439871081349391
2349.1,0.528,1.9,0.017,1.3276501312084474
2349.12,0.547,1.883,0.019,1.0703800492912912
2349.12,0.509,1.806,0.015,1.1426629676543407
2349.13,0.525,1.962,0.016,1.0267814159398874
2349.14,0.514,1.543,0.015,1.0963976488122447
2349.14,0.568,1.771,0.017,1.218026814441191
2349.14,0.548,1.691,0.015,1.428104562370941
2349.15,0.58,1.984,0.015,1.363900135783804
2349.15,0.562,1.825,0.015,1.3299463924660964
2349.17,0.509,1.984,0.016,1.4664825214552772
2349.18,0.516,1.905,0.017,1.281256155363323
2349.2,0.564,1.81,0.016,1.1720684673907165
2349.2,0.571,1.776,0.017,1.2082770671786587
2349.22,0.563,1.616,0.017,1.4190365837625802
2349.22,0.543,1.725,0.018,1.0607212042734233
2349.24,0.51,1.709,0.017,1.2079464021913853
2349.24,0.508,1.579,0.019,1.2684746999007759
2349.25,0.509,1.866,0.016,1.4639971461179173
2349.25,0.564,1.923,0.016,1.1386942738996875
2349.26,0.538,1.935,0.017,1.035996421129326
2349.26,0.57,1.737,0.015,1.2535687284991812
2349.29,0.523,1.832,0.015,1.360369380824667
2349.3,0.568,1.829,0.017,1.4796941475585808
2349.31,0.587,1.788,0.017,1.4187054905310856
2349.31,0.569,1.591,0.016,1.4880418437328484
2349.32,0.556,1.594,0.017,1.0219276228786789
2349.32,0.592,1.706,0.016,1.3215277592108041
2349.34,0.597,1.766,0.015,1.2481658889490745
2349.35,0.54,1.792,0.016,1.3687004332222676
2349.37,0.568,1.968,0.018,1.201475943891902
2349.37,0.59,1.751,0.019,1.4282143488061516
2349.37,0.54,1.728,0.016,1.1177521994225381
2349.38,0.548,1.886,0.015,1.0175416906369121
2349.38,0.546,1.526,0.015,1.0674017417935833
2349.39,0.515,1.537,0.015,1.3088191707977186
2349.41,0.582,1.589,0.018,1.1567797834355404
2349.43,0.53,1.63,0.015,1.1266343666443597
2349.43,0.577,1.778,0.015,1.3305287241881931
2349.43,0.511,1.694,0.015,1.0450955752474693
2349.44,0.525,1.515,0.015,1.4052183095288893
2349.44,0.586,1.589,0.018,1.3349096936050633
2349.44,0.564,1.924,0.015,1.1487419967413284
2349.45,0.51,1.657,0.016,1.0563374603982438
2349.45,0.538,1.761,0.019,1.1629997441954478
2349.48,0.523,1.643,0.017,1.1815455610361953
2349.48,0.5,1.902,0.018,1.152516347347048
2349.5,0.522,1.703,0.015,1.2929796987150166
2349.5,0.523,1.547,0.015,1.0702810415520216
2349.51,0.54,1.965,0.017,1.0975341924990585
2349.51,0.543,1.819,0.018,1.442532944458913
2349.52,0.567,1.911,0.017,1.2688714157353658
2349.53,0.516,1.558,0.016,1.0834098696470686
2349.53,0.506,1.84,0.015,1.071251822874081
2349.53,0.545,1.867,0.017,1.456753364837574
2349.53,0.594,1.937,0.019,1.006240880330069
2349.54,0.529,1.971,0.016,1.1274872778540146
2349.54,0.513,1.61,0.018,1.4893109020423902
2349.54,0.505,1.742,0.019,1.2702205925204808
2349.55,0.556,1.678,0.016,1.164189027973272
2349.55,0.529,1.752,0.018,1.4969246104394198
2349.57,0.525,1.756,0.018,1.2268782999782581
2349.58,0.509,1.765,0.018,1.2915667948006786
2349.59,0.552,1.61,0.017,1.0561569986237442
2349.59,0.542,1.995,0.016,1.3275455439109334
2349.6,0.557,1.871,0.019,1.217299506732802
2349.62,0.558,1.855,0.017,1.2859035080053196
2349.62,0.536,1.836,0.015,1.4760934686719533
2349.63,0.525,1.944,0.018,1.176600361228885
2349.64,0.518,1.832,0.016,1.4068596814379801
2349.65,0.599,1.666,0.018,1.4186503676660134
2349.65,0.56,1.547,0.018,1.0626079876891337
2349.66,0.596,1.814,0.017,1.37949659713297
2349.66,0.525,1.512,0.018,1.1387268285937866
2349.67,0.572,1.772,0.017,1.4507536068036084
2349.67,0.577,1.809,0.019,1.101582685318179
2349.67,0.593,1.979,0.018,1.107613541388824
2349.68,0.522,1.76,0.015,1.1949289329318993
2349.71,0.526,1.63,0.017,1.449475751917495
2349.72,0.538,1.69,0.018,1.129614673944339
2349.72,0.538,1.747,0.017,1.4352145386728403
2349.73,0.541,1.928,0.015,1.4736808349340147
2349.73,0.516,1.565,0.015,1.2549937531237312
2349.73,0.567,1.863,0.016,1.1683611686266087
2349.74,0.592,1.887,0.017,1.3653917677873662
2349.75,0.593,1.567,0.019,1.0610568373872677
2349.75,0.52,1.718,0.018,1.325726920862081
2349.76,0.548,1.552,0.015,1.4065067084446525
2349.76,0.513,1.549,0.018,1.1236374590733482
2349.77,0.523,1.818,0.019,1.0503894235488975
2349.77,0.518,1.575,0.019,1.3492683349335406
2349.79,0.534,1.533,0.017,1.4362913592907436
2349.79,0.564,1.602,0.015,1.20337533052207
2349.8,0.588,1.844,0.018,1.335293500575581
2349.8,0.504,1.502,0.015,1.1049937642774519
2349.81,0.53,1.953,0.018,1.4695131131752495
2349.81,0.517,1.885,0.019,1.2545779354438769
2349.81,0.5,1.801,0.015,1.401315297756546
2349.81,0.517,1.597,0.015,1.0916394531553377
2349.81,0.544,1.77,0.016,1.280902392696531
2349.82,0.556,1.548,0.017,1.4841100176354804
2349.82,0.521,1.905,0.016,1.4105088385882447
2349.83,0.536,1.71,0.015,1.0387836591902193
2349.84,0.569,1.712,0.019,1.0113218802968917
2349.85,0.534,1.829,0.015,1.000337550431521
2349.85,0.542,1.67,0.016,1.1672377193044474
2349.87,0.547,1.63,0.017,1.0179833991753562
2349.88,0.588,1.915,0.016,1.0690764516472828
2349.88,0.568,1.521,0.015,1.2480978729515102
2349.88,0.517,1.635,0.019,1.3387188818430724
2349.88,0.547,1.938,0.018,1.325578716643062
2349.88,0.515,1.592,0.015,1.265027098168147
2349.9,0.572,1.62,0.018,1.4316605146046593
2349.91,0.577,1.934,0.016,1.2894770112327494
2349.92,0.517,1.906,0.016,1.0683791414994048
2349.93,0.524,1.685,0.015,1.0624185486277145
2349.93,0.54,1.585,0.017,1.3716359952851618
2349.93,0.509,1.554,0.015,1.3009935789264255
2349.95,0.567,1.866,0.016,1.4902598263810685
2349.97,0.529,1.699,0.015,1.4303613094086831
2349.98,0.524,1.563,0.019,1.485194587377345
2349.98,0.517,1.568,0.019,1.0606834203171587
2349.98,0.545,1.803,0.018,1.0627045147863252
2349.99,0.579,1.557,0.017,1.2908955799936312
2349.99,0.592,1.838,0.016,1.2963030692688542
2349.99,0.5,1.893,0.019,1.1911759272912184
2349.99,0.581,1.979,0.016,1.4203084755499167
2350.05,0.512,1.911,0.019,1.0493828364138913
2350.05,0.599,1.859,0.017,1.0765211285205676
2350.05,0.514,1.559,0.015,1.4749670759690197
2350.05,0.544,1.538,0.018,1.28600679486935
2350.06,0.568,1.597,0.018,1.3433211626388188
2350.08,0.532,1.832,0.016,1.2415796365630407
2350.08,0.51,1.521,0.018,1.3291872908569364
2350.08,0.569,1.929,0.017,1.0717369006026336
2350.13,0.585,1.774,0.015,1.3230135122382487
2350.13,0.541,1.748,0.015,1.1200896724336191
2350.14,0.555,1.53,0.016,1.0500097345426178
2350.14,0.503,1.621,0.017,1.3652850925118127
2350.15,0.562,1.866,0.016,1.1200200114878418
2350.16,0.575,1.786,0.017,1.2363877937839771
2350.19,0.575,1.619,0.017,1.3590485191901762
2350.2,0.569,1.546,0.016,1.233576616637377
2350.21,0.567,1.53,0.019,1.3081852123374416
2350.21,0.5,1.836,0.015,1.0865182629644883
2350.21,0.558,1.723,0.019,1.4606148550545823
2350.21,0.506,1.51,0.016,1.0711502156122596
2350.21,0.563,1.537,0.018,1.2885521134639744
2350.21,0.503,1.99,0.015,1.1333681752092566
2350.22,0.527,1.791,0.016,1.212098632866446
2350.23,0.541,1.864,0.019,1.3181035995009027
2350.24,0.574,1.644,0.015,1.0708089689068676
2350.25,0.574,1.714,0.015,1.0415662784438402
2350.25,0.526,1.777,0.018,1.4667897326704837
2350.26,0.525,1.595,0.018,1.222463809561141
2350.29,0.514,1.507,0.015,1.1862139567376269
2350.29,0.575,1.7,0.018,1.327251658824415
2350.29,0.571,1.99,0.015,1.090377516509708
2350.29,0.534,1.789,0.015,1.1071047247484698
2350.3,0.533,1.847,0.017,1.1624167101959961
2350.31,0.585,1.557,0.015,1.4432689202131916
2350.32,0.563,1.55,0.019,1.3944974278703104
2350.32,0.532,1.534,0.017,1.4243852955369385
2350.32,0.582,1.674,0.017,1.109494037392178
2350.33,0.574,1.65,0.018,1.2944123875822504
2350.33,0.505,1.657,0.015,1.0384955734880765
2350.33,0.556,1.925,0.019,1.1413519637830258
2350.34,0.547,1.686,0.019,1.245036504651261
2350.34,0.526,1.561,0.015,1.2261005949339179
2350.35,0.552,1.515,0.018,1.2010421829959317
2350.35,0.546,1.939,0.018,1.3139908757062537
2350.36,0.555,1.821,0.015,1.4308272024736906
2350.38,0.582,1.874,0.019,1.1886408976605007
2350.4,0.532,1.75,0.019,1.3071526104223026
2350.41,0.506,1.788,0.017,1.4155875516249121
2350.41,0.559,1.626,0.017,1.1736051183038765
2350.43,0.558,1.949,0.015,1.198642381103141
2350.44,0.535,1.911,0.016,1.187223066823331
2350.44,0.559,1.773,0.019,1.016629679788226
2350.45,0.503,1.546,0.015,1.0325027007789007
2350.47,0.549,1.756,0.019,1.198553038619981
2350.48,0.591,1.985,0.016,1.4292845238993195
2350.5,0.586,1.576,0.017,1.0838005227273646
2350.51,0.555,1.78,0.018,1.0022706227496676
2350.51,0.535,1.605,0.017,1.2204977074415158
2350.52,0.576,1.809,0.015,1.1645238128726487
2350.52,0.556,1.917,0.015,1.0815580840917653
2350.52,0.527,1.684,0.018,1.059463978292594
2350.52,0.566,1.984,0.017,1.0322147830345652
2350.53,0.554,1.928,0.019,1.1980440900225706
2350.59,0.562,1.568,0.019,1.1009369794533916
2350.59,0.589,1.908,0.016,1.4178364052424373
2350.59,0.584,1.784,0.018,1.433133823947749
2350.61,0.546,1.893,0.015,1.1267904025775102
2350.62,0.518,1.572,0.017,1.0629232761803167
2350.62,0.514,1.892,0.016,1.3832501350147917
2350.62,0.52,1.669,0.019,1.1658899277257702
2350.66,0.571,1.726,0.017,1.398853330359504
2350.67,0.584,1.525,0.018,1.3574038360116882
2350.67,0.519,1.545,0.017,1.4961691711667795
2350.7,0.574,1.849,0.016,1.14943271001159
2350.71,0.581,1.947,0.019,1.1919870828639276
2350.71,0.555,1.954,0.017,1.1991226503102614
2350.72,0.599,1.696,0.018,1.1103346927577122
2350.72,0.586,1.803,0.017,1.0988428811231403
2350.73,0.592,1.964,0.017,1.0136643274600146
2350.73,0.594,1.604,0.015,1.3337499102580006
2350.74,0.576,1.793,0.017,1.0512570212512746
2350.74,0.539,1.512,0.018,1.369638426158647
2350.74,0.542,1.879,0.017,1.4494659183645417
2350.75,0.55,1.718,0.019,1.4704314032136128
2350.77,0.521,1.903,0.019,1.2077507185401286
2350.79,0.579,1.66,0.015,1.023110919314743
2350.79,0.503,1.975,0.015,1.4967297445264363
2350.79,0.551,1.835,0.015,1.0935863879606709
2350.8,0.526,1.684,0.015,1.0669212941361752
2350.8,0.526,1.518,0.019,1.0609163960374681
2350.81,0.553,1.796,0.015,1.3524525158665504
2350.82,0.569,1.564,0.017,1.2077327556607487
2350.83,0.553,1.854,0.017,1.0952801559768948
2350.83,0.526,1.986,0.018,1.1366834952239988
2350.83,0.565,1.682,0.018,1.2099521439159395
2350.84,0.561,1.503,0.019,1.2666352121717508
2350.84,0.532,1.867,0.016,1.4917107470379958
2350.85,0.576,1.851,0.016,1.410756369639866
2350.85,0.564,1.804,0.017,1.1117875705736104
2350.88,0.596,1.943,0.019,1.2690446760772838
2350.88,0.593,1.883,0.016,1.3952622508545651
2350.89,0.582,1.634,0.018,1.0552607697252179
2350.89,0.509,1.735,0.015,1.131874002394722
2350.91,0.57,1.798,0.015,1.0725382799643035
2350.91,0.574,1.814,0.018,1.1063237212518926
2350.91,0.553,1.606,0.015,1.4417511358325141
2350.91,0.541,1.665,0.017,1.242146809812661
2350.91,0.546,1.686,0.016,1.0289858916096137
2350.92,0.542,1.505,0.017,1.2139708150076194
2350.92,0.531,1.761,0.019,1.4331361069393078
2350.92,0.555,1.855,0.017,1.46339542627535
2350.92,0.548,1.741,0.018,1.2940903435878888
2350.93,0.509,1.803,0.018,1.0228256931323312
2350.95,0.57,1.827,0.018,1.305068667519203
2350.96,0.573,1.852,0.016,1.0001781252246578
2350.96,0.521,1.591,0.018,1.3650975867175712
2350.96,0.507,1.671,0.017,1.1856110123348813
2350.97,0.524,1.707,0.016,1.4282411317660932
2350.97,0.532,1.822,0.016,1.4589438158936252
2350.97,0.522,1.762,0.015,1.113524564339001
2350.98,0.539,1.839,0.017,1.1874352503992582
2350.98,0.581,1.65,0.016,1.4434469069848235
2350.99,0.577,1.653,0.017,1.278703182593424
2351.0,0.565,1.504,0.017,1.4269684207405202
2351.0,0.556,1.753,0.016,1.0433438138614788
2351.0,0.56,1.764,0.015,1.18423938236965
2351.01,0.55,1.849,0.018,1.3980766762262073
2351.02,0.58,1.556,0.015,1.0664723681187378
2351.02,0.566,1.813,0.015,1.0262685025865652
2351.03,0.558,1.81,0.015,1.4356424352844699
2351.04,0.535,1.78,0.019,1.0685013011199385
2351.04,0.524,1.568,0.019,1.0765710438637026
2351.04,0.547,1.741,0.016,1.1059192728302936
2351.04,0.506,1.718,0.018,1.3764619090111028
2351.05,0.56,1.971,0.018,1.0708051194577402
2351.06,0.559,1.78,0.017,1.1964920406694417
2351.07,0.58,1.547,0.016,1.3153383876940916
2351.07,0.516,1.855,0.016,1.0735130049005184
2351.07,0.593,1.958,0.019,1.1277615735547024
2351.08,0.54,1.557,0.016,1.3983899953480206
2351.08,0.531,1.999,0.017,1.495275134792473
2351.09,0.553,1.915,0.016,1.181230466122281
2351.1,0.509,1.946,0.018,1.3092088362395224
2351.11,0.532,1.918,0.018,1.4326542792954704
2351.12,0.547,1.578,0.019,1.4219882913389155
2351.12,0.572,1.952,0.017,1.1346807289991538
2351.13,0.523,1.85,0.017,1.4208291114111464
2351.16,0.507,1.574,0.015,1.4676581529608361
2351.17,0.515,1.631,0.017,1.2400730822588502
2351.18,0.55,1.889,0.017,1.121424335675031
2351.19,0.53,1.774,0.015,1.3095703326038945
2351.21,0.573,1.989,0.019,1.0634759741184125
2351.21,0.549,1.844,0.019,1.3721881294583191
2351.21,0.536,1.528,0.015,1.4613545346892216
2351.21,0.56,1.985,0.019,1.3886825005985899
2351.22,0.573,1.906,0.019,1.493936144128447
2351.22,0.563,1.653,0.016,1.446709513585744
2351.22,0.563,1.568,0.015,1.130677529421716
2351.24,0.511,1.75,0.018,1.0269375727574626
2351.24,0.561,1.837,0.019,1.2857746240582006
2351.24,0.503,1.674,0.017,1.0383971543662445
2351.25,0.511,1.792,0.018,1.0921810510865284
2351.26,0.556,1.569,0.016,1.1233811054434306
2351.28,0.564,1.874,0.015,1.4983348739991424
2351.29,0.571,1.651,0.018,1.3331601453014483
2351.29,0.517,1.868,0.019,1.0243835552425022
2351.29,0.508,1.52,0.016,1.0349649720448788
2351.3,0.527,1.643,0.017,1.2564328312687658
2351.3,0.572,1.567,0.018,1.2677693640485392
2351.31,0.569,1.684,0.018,1.4039368793109568
2351.32,0.507,1.889,0.016,1.0397155979155293
2351.33,0.546,1.999,0.016,1.3379909501602922
2351.33,0.515,1.635,0.018,1.3885673181258356
2351.35,0.568,1.725,0.017,1.3863804658690193
2351.36,0.519,1.944,0.016,1.3434904823877947
2351.36,0.572,1.716,0.019,1.3921862486941656
2351.37,0.53,1.681,0.018,1.3333936789317637
2351.38,0.58,1.724,0.018,1.3652503567958632
2351.38,0.53,1.774,0.015,1.3517642917335184
2351.39,0.562,1.87,0.019,1.1244559266813354
2351.4,0.571,1.806,0.018,1.2977412839953668
2351.4,0.518,1.681,0.017,1.1931970652219903
2351.41,0.597,1.758,0.017,1.0421795817051955
2351.42,0.563,1.824,0.015,1.4432653630805983
2351.42,0.568,1.829,0.019,1.3431515166425783
2351.44,0.556,1.937,0.017,1.0661601716559668
2351.44,0.577,1.505,0.015,1.4194620308277093
2351.44,0.595,1.98,0.019,1.395844455160311
2351.45,0.507,1.922,0.016,1.1969870795019646
2351.45,0.539,1.543,0.016,1.176931264018077
2351.47,0.595,1.951,0.018,1.033294216505272
2351.47,0.553,1.805,0.018,1.458305867121509
2351.48,0.521,1.941,0.016,1.0278644541934836
2351.49,0.577,1.886,0.016,1.0092726624839343
2351.49,0.538,1.793,0.017,1.2510174892946715
2351.49,0.576,1.877,0.017,1.1883134845546681
2351.5,0.587,1.95,0.015,1.1182599114863732
2351.52,0.596,1.653,0.018,1.1073884934026539
2351.52,0.528,1.65,0.019,1.1883457756763607
2351.52,0.507,1.655,0.019,1.1632779020433637
2351.52,0.574,1.567,0.016,1.2831462414332697
2351.53,0.522,1.898,0.018,1.1730265680640326
2351.53,0.51,1.641,0.018,1.107556748623982
2351.55,0.51,1.866,0.018,1.0599057311937843
2351.56,0.598,1.556,0.018,1.1616246869934699
2351.56,0.553,1.896,0.019,1.1111531541307376
2351.57,0.596,1.673,0.018,1.3629373031918213
2351.59,0.509,1.668,0.015,1.0485860052913079
2351.59,0.545,1.946,0.017,1.4387641686047759
2351.6,0.54,1.868,0.018,1.2260115060582333
2351.6,0.56,1.845,0.015,1.3593865775918363
2351.6,0.593,1.993,0.018,1.2505506352229312
2351.64,0.538,1.811,0.019,1.3194073322890132
2351.65,0.577,1.513,0.016,1.279909808357216
2351.65,0.514,1.927,0.016,1.356581222620919
2351.65,0.504,1.681,0.019,1.4360949732126296
2351.68,0.517,1.753,0.015,1.106391546156999
2351.68,0.554,1.701,0.015,1.377124877668618
2351.69,0.566,1.628,0.019,1.0759278530106409
2351.71,0.535,1.815,0.015,1.3491565270709034
2351.72,0.574,1.533,0.016,1.1336381305354442
2351.72,0.544,1.616,0.018,1.104788127048452
2351.74,0.522,1.813,0.016,1.217326551646567
2351.75,0.524,1.597,0.016,1.1319995978828252
2351.75,0.519,1.77,0.015,1.4221236567158375
2351.76,0.553,1.937,0.015,1.2972674997924674
2351.77,0.502,1.605,0.017,1.25643161450369
2351.78,0.576,1.934,0.019,1.449355885352902
2351.79,0.538,1.846,0.016,1.3937691763629279
2351.8,0.505,1.543,0.018,1.3349540559660664
2351.8,0.531,1.978,0.016,1.4432648639755201
2351.81,0.528,1.53,0.017,1.0484517297418283
2351.82,0.558,1.976,0.018,1.4378361517553302
2351.87,0.578,1.949,0.018,1.0319744624509037
2351.88,0.586,1.639,0.015,1.0692371854951745
2351.89,0.564,1.537,0.019,1.4921335856549596
2351.9,0.555,1.596,0.019,1.0099908353948381
2351.91,0.57,1.999,0.016,1.1863918649481917
2351.92,0.508,1.643,0.019,1.4649719519180595
2351.93,0.555,1.793,0.019,1.0659636974547095
2351.95,0.529,1.737,0.016,1.2764041787591554
2351.96,0.506,1.63,0.015,1.4000223711440838
2351.96,0.506,1.768,0.019,1.0546538849714417
2351.96,0.571,1.952,0.018,1.3060717186319137
2351.96,0.58,1.866,0.016,1.1850381327983586
2351.98,0.5,1.617,0.019,1.2842522962729392
2351.99,0.534,1.582,0.015,1.177627583792451
2352.02,0.514,1.984,0.019,1.0750366277716514
2352.02,0.597,1.996,0.015,1.254095257882578
2352.02,0.536,1.793,0.019,1.0887840319034465
2352.04,0.549,1.829,0.015,1.3448691953883676
2352.04,0.523,1.523,0.016,1.177489808668561
2352.04,0.575,1.543,0.016,1.172084184062633
2352.05,0.525,1.913,0.015,1.0022535152263714
2352.06,0.524,1.527,0.019,1.110756366022569
2352.07,0.589,1.628,0.019,1.2710189505748433
2352.07,0.55,1.843,0.017,1.3335519403428004
2352.08,0.58,1.794,0.016,1.3310946814681135
2352.12,0.568,1.545,0.017,1.2502522489003067
2352.14,0.566,1.837,0.016,1.0192665664144795
2352.15,0.584,1.828,0.015,1.1505238251682768
2352.16,0.588,1.708,0.016,1.4497485718634575
2352.17,0.518,1.84,0.019,1.272711679548341
2352.17,0.579,1.697,0.019,1.1395673237648425
2352.17,0.541,1.679,0.018,1.1388209747872537
2352.17,0.55,1.822,0.015,1.3467587450538754
2352.18,0.514,1.833,0.017,1.1331097357659266
2352.2,0.502,1.702,0.016,1.4949950559598628
2352.2,0.555,1.652,0.019,1.1127756326858875
2352.2,0.524,1.972,0.018,1.006094503112438
2352.21,0.506,1.744,0.017,1.0161474954067455
2352.22,0.567,1.694,0.016,1.2932220458005403
2352.22,0.557,1.804,0.016,1.234840705342386
2352.24,0.534,1.622,0.018,1.1692295810821385
2352.24,0.526,1.552,0.019,1.4801127389847135
2352.25,0.593,1.57,0.019,1.0296902856703443
2352.26,0.587,1.999,0.016,1.3559070269972906
2352.27,0.523,1.748,0.018,1.3779338195847792
2352.28,0.549,1.561,0.015,1.0736370287727794
2352.29,0.535,1.987,0.016,1.0988723168334387
2352.29,0.523,1.707,0.016,1.236249623107201
2352.29,0.581,1.51,0.019,1.0768643261700523
2352.31,0.549,1.866,0.017,1.3611130506126083
2352.32,0.548,1.529,0.018,1.2021963729179717
2352.32,0.564,1.551,0.018,1.1346192674531026
2352.32,0.581,1.727,0.016,1.0814329491829329
2352.32,0.564,1.995,0.016,1.1075458743463042
2352.33,0.513,1.586,0.018,1.4572324916154131
2352.33,0.507,1.944,0.019,1.1892584374731694
2352.34,0.539,1.839,0.015,1.1705793419729267
2352.35,0.515,1.861,0.017,1.4385068161629158
2352.36,0.549,1.536,0.018,1.4393292510356377
2352.36,0.549,1.685,0.019,1.3472165580271789
2352.37,0.549,1.604,0.019,1.334287313971282
2352.38,0.562,1.667,0.017,1.4579806690889114
2352.39,0.552,1.555,0.016,1.3154720853952624
2352.39,0.523,1.95,0.019,1.0653875320025539
2352.4,0.563,1.611,0.017,1.131593329091332
2352.4,0.553,1.721,0.015,1.4142289319906585
2352.41,0.563,1.908,0.018,1.2831661020678335
2352.41,0.524,1.91,0.018,1.3197472089056093
2352.42,0.554,1.572,0.019,1.4188870114767056
2352.42,0.5,1.919,0.016,1.1349989442056279
2352.42,0.564,1.597,0.016,1.2384262412034102
2352.43,0.512,1.768,0.015,1.2961527163820603
2352.44,0.573,1.815,0.017,1.4786704515462428
2352.44,0.505,1.509,0.018,1.3397229678525482
2352.44,0.595,1.653,0.016,1.4359345422616716
2352.46,0.561,1.705,0.016,1.3374104760081957
2352.46,0.565,1.825,0.016,1.1786223080487253
2352.46,0.516,1.919,0.015,1.3470181502046175
2352.47,0.59,1.541,0.017,1.204805410830651
2352.47,0.556,1.904,0.019,1.1708382673315936
2352.47,0.529,1.878,0.016,1.1147810493914128
2352.48,0.589,1.938,0.017,1.097145273120256
2352.48,0.591,1.956,0.016,1.0287407488114102
2352.51,0.518,1.854,0.015,1.2800102130801911
2352.51,0.571,1.632,0.018,1.2923660415095917
2352.51,0.542,1.67,0.015,1.126674471789219
2352.52,0.558,1.793,0.019,1.2640725569657647
2352.52,0.553,1.928,0.016,1.4350001943810182
2352.52,0.531,1.822,0.015,1.4403671371266586
2352.52,0.57,1.999,0.019,1.4884910963926368
2352.53,0.599,1.957,0.019,1.1136141349908837
2352.53,0.5,1.689,0.018,1.1264689811347934
2352.53,0.524,1.58,0.016,1.3374350212328707
2352.54,0.522,1.61,0.019,1.116377673919732
2352.54,0.58,1.712,0.018,1.4649314185134645
2352.54,0.512,1.643,0.018,1.0968118315503972
2352.55,0.578,1.732,0.015,1.002397659976696
2352.55,0.511,1.939,0.019,1.4858581464109453
2352.55,0.568,1.886,0.018,1.013819965333913
2352.56,0.502,1.583,0.017,1.3198643601978233
2352.56,0.552,1.854,0.017,1.4943837114547525
2352.56,0.5,1.541,0.015,1.3142261607725172
2352.56,0.59,1.519,0.015,1.1173449238777557
2352.57,0.537,1.999,0.019,1.4436144506593014
2352.58,0.505,1.978,0.015,1.305647916349321
2352.59,0.504,1.535,0.016,1.3016104216056177
2352.6,0.527,1.687,0.016,1.1273147730709938
2352.64,0.563,1.718,0.016,1.407231192252079
2352.65,0.553,1.505,0.017,1.2345133475742796
2352.65,0.507,1.635,0.018,1.0764840823974424
2352.66,0.571,1.767,0.018,1.086754985950981
2352.66,0.597,1.81,0.018,1.2285219730763566
2352.68,0.547,1.705,0.019,1.2899019892852666
2352.68,0.574,1.938,0.018,1.4834552913750514
2352.68,0.532,1.531,0.016,1.0331641788880501
2352.68,0.501,1.714,0.019,1.3464211124458667
2352.69,0.555,1.894,0.019,1.0949772755562823
2352.7,0.528,1.641,0.019,1.119775541635271
2352.7,0.516,1.855,0.018,1.0143783571148186
2352.7,0.562,1.698,0.016,1.2726705794642041
2352.73,0.507,1.58,0.019,1.4008870690242263
2352.74,0.521,1.559,0.015,1.282927456143594
2352.75,0.556,1.887,0.017,1.36724324892769
2352.75,0.568,1.752,0.016,1.3099456436154104
2352.75,0.588,1.726,0.018,1.4614900423194455
2352.76,0.548,1.813,0.016,1.1761754904190505
2352.76,0.576,1.624,0.015,1.4426941222508984
2352.79,0.511,1.622,0.018,1.3398378767991788
2352.79,0.51,1.923,0.018,1.3631282225769583
2352.8,0.561,1.654,0.017,1.2004185783339587
2352.8,0.531,1.579,0.015,1.293892053041692
2352.81,0.572,1.515,0.019,1.0027248357136964
2352.82,0.581,1.916,0.016,1.3265764003168528
2352.83,0.59,1.934,0.015,1.3110526769038002
2352.83,0.505,1.508,0.015,1.182612883325163
2352.84,0.524,1.642,0.019,1.0875805269782775
2352.84,0.533,1.709,0.017,1.487120987335194
2352.85,0.585,1.827,0.018,1.3185828956854566
2352.87,0.57,1.58,0.015,1.3103091975197798
2352.9,0.595,1.944,0.018,1.3631923528745593
2352.91,0.598,1.635,0.018,1.3906677184796759
2352.92,0.583,1.986,0.018,1.2608654238774886
2352.93,0.531,1.631,0.015,1.4413591661487688
2352.93,0.591,1.637,0.017,1.4613417061722949
2352.93,0.567,1.924,0.018,1.2738280212089592
2352.93,0.565,1.655,0.017,1.2841117572922474
2352.94,0.595,1.803,0.016,1.414075421894434
2352.95,0.542,1.53,0.016,1.3191131881449378
2352.96,0.571,1.692,0.016,1.2673709306313083
2352.96,0.565,1.589,0.016,1.1392909825671202
2352.97,0.57,1.553,0.019,1.0760920272359151
2352.98,0.554,1.975,0.015,1.452391485662989
2352.98,0.51,1.69,0.016,1.1404989155285152
2352.99,0.541,1.691,0.018,1.1181642770139444
2353.01,0.504,1.705,0.015,1.1519542911140153
2353.01,0.586,1.89,0.017,1.2112675595138023
2353.02,0.532,1.633,0.017,1.4866646761740678
2353.02,0.583,1.954,0.019,1.4351390801040165
2353.03,0.547,1.715,0.019,1.35973081613019
2353.04,0.538,1.774,0.015,1.285412455896385
2353.05,0.524,1.701,0.018,1.2339026420837222
2353.05,0.558,1.909,0.016,1.245500013971257
2353.06,0.55,1.596,0.019,1.135422101944959
2353.06,0.542,1.94,0.017,1.025570494504661
2353.07,0.518,1.868,0.015,1.115824853235672
2353.09,0.543,1.542,0.017,1.265429489942072
2353.09,0.593,1.588,0.018,1.3584554489638494
2353.09,0.595,1.585,0.018,1.3679508218031884
2353.1,0.559,1.54,0.018,1.4397284377898296
2353.11,0.504,1.533,0.018,1.0425585026971032
2353.11,0.555,1.977,0.015,1.4615710289174202
2353.11,0.558,1.566,0.015,1.3965277868391257
2353.12,0.567,1.681,0.018,1.48979323925716
2353.13,0.522,1.527,0.017,1.0217669788385775
2353.13,0.522,1.972,0.018,1.1479489335393653
2353.14,0.592,1.843,0.018,1.12976299003333
2353.14,0.504,1.934,0.018,1.1312185608533942
2353.18,0.553,1.976,0.017,1.4297312794298795
2353.18,0.593,1.852,0.017,1.2749270438099392
2353.19,0.511,1.504,0.015,1.1363948949348552
2353.19,0.581,1.58,0.017,1.4610976981999761
2353.21,0.508,1.555,0.019,1.418056700340788
2353.21,0.559,1.752,0.015,1.1007133293317581
2353.22,0.53,1.585,0.016,1.257524101314317
2353.23,0.509,1.855,0.015,1.0112036428748263
2353.24,0.581,1.65,0.017,1.1429818765988036
2353.26,0.534,1.846,0.019,1.2003308541283133
2353.26,0.584,1.82,0.018,1.0489031215007731
2353.28,0.511,1.832,0.019,1.4244919891164889
2353.28,0.554,1.664,0.018,1.4829119037621155
2353.29,0.554,1.645,0.015,1.2778942059154694
2353.3,0.552,1.52,0.019,1.2443023680256982
2353.3,0.504,1.639,0.016,1.4514850158719024
2353.3,0.573,1.967,0.016,1.014052122515849
2353.3,0.51,1.922,0.018,1.3486079295339881
2353.32,0.545,1.69,0.018,1.3804817889256564
2353.33,0.561,1.99,0.017,1.4725275723281135
2353.33,0.591,1.799,0.019,1.4966338390730631
2353.33,0.576,1.987,0.016,1.3090517263510433
2353.33,0.526,1.71,0.019,1.3704890109810017
2353.34,0.579,1.902,0.018,1.4852193266596636
2353.34,0.51,1.811,0.015,1.1776210580321607
2353.34,0.515,1.683,0.016,1.1839660827783363
2353.37,0.517,1.931,0.017,1.3134658859698325
2353.38,0.528,1.865,0.016,1.45528573613211
2353.38,0.549,1.563,0.016,1.4385327164623687
2353.39,0.52,1.946,0.017,1.1185056113261038
2353.39,0.558,1.812,0.015,1.297262841883283
2353.39,0.555,1.844,0.015,1.0644677301806813
2353.41,0.528,1.68,0.019,1.488612150797871
2353.41,0.57,1.691,0.019,1.3753095044405586
2353.42,0.563,1.508,0.015,1.2329674460761417
2353.43,0.574,1.711,0.019,1.192841159359997
2353.43,0.582,1.563,0.017,1.2696245966663557
2353.45,0.531,1.823,0.018,1.4326336157251043
2353.47,0.564,1.643,0.019,1.1539660692117302
2353.48,0.593,1.816,0.018,1.4169705645722939
2353.48,0.518,1.98,0.017,1.24917305513811
2353.49,0.55,1.649,0.016,1.132758747076374
2353.5,0.577,1.674,0.019,1.1955876210050438
2353.51,0.526,1.582,0.018,1.4402233709884213
2353.51,0.517,1.772,0.015,1.0544818461002152
2353.52,0.544,1.746,0.016,1.4757396549908837
2353.52,0.559,1.736,0.019,1.1958725359897613
2353.55,0.57,1.869,0.016,1.0235100990068058
2353.56,0.505,1.508,0.018,1.088027371699892
2353.57,0.566,1.952,0.019,1.0528950192363913
2353.59,0.594,1.508,0.018,1.3307309718682712
2353.6,0.55,1.841,0.019,1.2760288740073933
2353.62,0.58,1.553,0.018,1.1017311974932817
2353.63,0.534,1.551,0.019,1.1620753274034852
2353.63,0.573,1.523,0.018,1.039832608758779
2353.63,0.57,1.879,0.019,1.3767914626261386
2353.63,0.527,1.733,0.018,1.263939917525363
2353.65,0.541,1.689,0.017,1.1294872209566873
2353.66,0.553,1.977,0.017,1.3986028894559888
2353.68,0.594,1.981,0.016,1.1361760826307443
2353.69,0.584,1.761,0.016,1.2316669851177107
2353.71,0.554,1.857,0.016,1.362964319865694
2353.72,0.509,1.608,0.018,1.4251228067938913
2353.72,0.543,1.571,0.018,1.112359806885278
2353.72,0.58,1.931,0.015,1.1945669704812145
2353.72,0.574,1.69,0.015,1.1752783652129921
2353.73,0.582,1.871,0.017,1.0956155915386838
2353.74,0.542,1.802,0.019,1.3723515075003092
2353.74,0.581,1.791,0.018,1.0584322673837478
2353.76,0.595,1.927,0.015,1.1416723384303848
2353.76,0.51,1.882,0.017,1.2558137994636622
2353.76,0.536,1.901,0.016,1.2079053228276395
2353.78,0.545,1.717,0.015,1.018559688916302
2353.78,0.532,1.892,0.019,1.4311935046389042
2353.79,0.517,1.948,0.015,1.4200222600139838
2353.79,0.569,1.724,0.017,1.0418045179011888
2353.79,0.57,1.694,0.015,1.194979402807569
2353.8,0.559,1.995,0.016,1.2283089718764046
2353.8,0.516,1.589,0.016,1.375167539893815
2353.81,0.598,1.956,0.019,1.4723062351293443
2353.81,0.502,1.968,0.017,1.3039083699848437
2353.83,0.514,1.908,0.016,1.2431504826966238
2353.84,0.532,1.879,0.018,1.4162297876246506
2353.85,0.528,1.56,0.016,1.3068042752198799
2353.86,0.597,1.706,0.017,1.0121973964091113
2353.88,0.585,1.976,0.016,1.07716744334962
2353.88,0.502,1.978,0.018,1.1080280775206925
2353.88,0.547,1.935,0.016,1.3329046101386917
2353.88,0.524,1.858,0.018,1.2673344267446307
2353.88,0.558,1.652,0.016,1.2641617224655586
2353.89,0.578,1.665,0.017,1.3265129617588152
2353.9,0.531,1.887,0.015,1.1611415581641953
2353.9,0.524,1.882,0.019,1.4351206694121992
2353.91,0.556,1.875,0.017,1.3470864465040575
2353.92,0.506,1.606,0.015,1.203376263020722
2353.95,0.569,1.65,0.019,1.2416130085678947
2353.95,0.579,1.888,0.018,1.4487417047613844
2353.96,0.531,1.756,0.016,1.0029471776220387
2353.96,0.538,1.712,0.015,1.2175586941718817
2353.99,0.594,1.685,0.015,1.4562111368850705
2353.99,0.598,1.509,0.018,1.111033555716153
2354.0,0.531,1.61,0.015,1.4165218807166473
2354.01,0.58,1.767,0.017,1.0828530993521785
2354.03,0.5,1.65,0.016,1.0232879869693634
2354.04,0.562,1.776,0.019,1.3206818565712628
2354.05,0.529,1.617,0.016,1.4412280822396095
2354.08,0.571,1.782,0.016,1.4246205353376438
2354.09,0.522,1.722,0.015,1.2347785589305604
2354.1,0.502,1.688,0.016,1.3250869864762445
2354.1,0.516,1.66,0.016,1.4331665754183374
2354.13,0.546,1.563,0.017,1.2668998518970835
2354.13,0.597,1.541,0.019,1.4583575050749846
2354.15,0.546,1.673,0.017,1.4894373878602765
2354.15,0.512,1.996,0.018,1.07281446170017
2354.16,0.595,1.758,0.017,1.447406544683508
2354.17,0.534,1.657,0.015,1.147447108187307
2354.18,0.548,1.644,0.017,1.1619525772360821
2354.18,0.574,1.865,0.018,1.312954886991172
2354.19,0.553,1.739,0.019,1.373022490376589
2354.2,0.538,1.857,0.019,1.4198220258426661
2354.2,0.581,1.582,0.017,1.1763674252469978
2354.2,0.54,1.874,0.015,1.361209638779726
2354.2,0.522,1.875,0.015,1.4366346608146028
2354.22,0.597,1.53,0.016,1.0130219516239634
2354.22,0.566,1.688,0.017,1.4779804667853678
2354.24,0.594,1.744,0.016,1.17973957075948
2354.24,0.56,1.749,0.015,1.0290110719436567
2354.26,0.56,1.634,0.018,1.2808351083370348
2354.29,0.539,1.596,0.016,1.2101490064957905
2354.29,0.563,1.816,0.015,1.4081240073665375
2354.3,0.589,1.851,0.016,1.2400128926307392
2354.32,0.556,1.865,0.018,1.1748674263734327
2354.32,0.554,1.972,0.018,1.4242217869421303
2354.33,0.57,1.635,0.017,1.1102415804974461
2354.34,0.558,1.756,0.018,1.0723599148785028
2354.34,0.587,1.999,0.017,1.3579549134263487
2354.34,0.579,1.622,0.015,1.0163517342769042
2354.36,0.572,1.731,0.019,1.0029661034748378
2354.36,0.523,1.961,0.018,1.079967815731406
2354.36,0.528,1.937,0.019,1.4637248719450988
2354.37,0.595,1.594,0.015,1.017057768230761
2354.37,0.523,1.568,0.016,1.0716325894301197
2354.38,0.581,1.895,0.017,1.0523008275585515
2354.38,0.538,1.845,0.015,1.235465869784312
2354.38,0.54,1.614,0.019,1.0953826990367592
2354.38,0.544,1.93,0.018,1.1758454436354597
2354.39,0.504,1.998,0.017,1.4709747239212618
2354.4,0.507,1.578,0.017,1.1528042389383346
2354.4,0.59,1.995,0.017,1.1879435282809614
2354.41,0.562,1.549,0.019,1.4863160606418846
2354.42,0.579,1.503,0.015,1.2751485135489917
2354.43,0.54,1.945,0.018,1.36726140199259
2354.44,0.512,1.718,0.019,1.2927581833132766
2354.45,0.597,1.938,0.017,1.4420269185118442
2354.45,0.58,1.8,0.017,1.1402016954150338
2354.45,0.582,1.734,0.016,1.2097370469831081
2354.46,0.586,1.941,0.019,1.3383544642817098
2354.48,0.591,1.606,0.016,1.0893722816154496
2354.48,0.593,1.716,0.018,1.4897271084590233
2354.48,0.598,1.605,0.019,1.160508361948759
2354.49,0.56,1.79,0.016,1.3135212523427608
2354.49,0.559,1.514,0.019,1.171114947403997
2354.5,0.512,1.687,0.016,1.026948873453915
2354.51,0.533,1.91,0.018,1.1414709804580667
2354.52,0.502,1.52,0.019,1.3629297014277681
2354.53,0.559,1.784,0.019,1.1841378778354816
2354.54,0.591,1.819,0.016,1.0378995474097592
2354.56,0.5,1.985,0.018,1.2751794504464105
2354.56,0.507,1.606,0.019,1.2343893774319188
2354.58,0.562,1.659,0.017,1.156757710829933
2354.58,0.533,1.702,0.018,1.4020684947057673
2354.58,0.591,1.711,0.016,1.047482441119797
2354.58,0.565,1.701,0.017,1.263763076080603
2354.6,0.537,1.943,0.018,1.3085422775951256
2354.61,0.577,1.661,0.017,1.1330628803982914
2354.61,0.528,1.993,0.015,1.093781432342403
2354.62,0.598,1.784,0.018,1.27100764183282
2354.62,0.549,1.642,0.016,1.28571713482782
2354.63,0.509,1.99,0.019,1.478327536299647
2354.63,0.51,1.797,0.019,1.4189707610336222
2354.64,0.558,1.838,0.019,1.37993044173064
2354.65,0.588,1.895,0.017,1.4199110084129152
2354.65,0.572,1.676,0.019,1.4338952907359326
2354.66,0.582,1.581,0.015,1.303516903014343
2354.66,0.542,1.731,0.018,1.2100499979902033
2354.66,0.579,1.73,0.019,1.296225916871896
2354.67,0.579,1.544,0.019,1.4717971740489348
2354.67,0.591,1.598,0.018,1.418882700418603
2354.67,0.572,1.906,0.018,1.1596368614396662
2354.68,0.547,1.654,0.017,1.0203866420473466
2354.68,0.572,1.893,0.019,1.3592874895848204
2354.69,0.56,1.928,0.019,1.2550772521894022
2354.69,0.538,1.994,0.015,1.4123099722102994
2354.7,0.541,1.723,0.017,1.1189224703703062
2354.71,0.526,1.678,0.017,1.2727852553700174
2354.72,0.541,1.501,0.019,1.3329086082865327
2354.72,0.538,1.631,0.018,1.4261146397634712
2354.73,0.545,1.823,0.016,1.2605087553025234
2354.75,0.56,1.604,0.018,1.27887841379942
2354.75,0.525,1.56,0.018,1.012134478286996
2354.75,0.587,1.985,0.018,1.4222420760850867
2354.76,0.582,1.742,0.018,1.396251810468454
2354.76,0.519,1.771,0.019,1.1548460623838421
2354.76,0.571,1.784,0.018,1.4544167423504493
2354.77,0.58,1.679,0.016,1.37300175576736
2354.78,0.571,1.793,0.015,1.152356037744589
2354.79,0.558,1.907,0.016,1.3816594829897482
2354.8,0.569,1.756,0.017,1.3459330280712036
2354.8,0.563,1.867,0.016,1.1126968116809612
2354.81,0.536,1.99,0.016,1.1277876023745297
2354.82,0.59,1.566,0.019,1.225176157372764
2354.82,0.535,1.83,0.017,1.0845935530308437
2354.82,0.511,1.605,0.017,1.3866833345989118
2354.84,0.502,1.527,0.019,1.00621974698216
2354.85,0.51,1.919,0.016,1.1660672311630826
2354.86,0.577,1.898,0.019,1.3677380400176298
2354.87,0.586,1.52,0.018,1.343436485926197
2354.88,0.56,1.887,0.017,1.2915357260689082
2354.88,0.58,1.887,0.016,1.4802044173411324
2354.88,0.535,1.5,0.016,1.1727133404779189
2354.9,0.592,1.731,0.016,1.3136530876911268
2354.9,0.571,1.913,0.018,1.2876050065065283
2354.9,0.521,1.848,0.016,1.0475082715838406
2354.92,0.505,1.911,0.015,1.0976004963809851
2354.93,0.516,1.654,0.019,1.3733340561052163
2354.93,0.534,1.874,0.016,1.2990702089807187
2354.95,0.575,1.885,0.015,1.3938035105481055
2354.98,0.563,1.978,0.015,1.2425583735484
2354.99,0.578,1.897,0.015,1.265860666843563
2355.0,0.509,1.552,0.016,1.410329019904442
2355.0,0.558,1.889,0.017,1.4779849882318896
2355.01,0.512,1.977,0.015,1.1078977463775457
2355.02,0.537,1.661,0.016,1.3607269864089826
2355.02,0.587,1.688,0.019,1.1733992256992878
2355.02,0.577,1.549,0.015,1.293135718990691
2355.03,0.504,1.56,0.019,1.2464075471963043
2355.05,0.505,1.735,0.016,1.303890001073626
2355.06,0.582,1.822,0.015,1.365604092603025
2355.08,0.573,1.656,0.015,1.22565978565179
2355.08,0.584,1.917,0.018,1.479953008917556
2355.08,0.589,1.879,0.017,1.358974578421688
2355.09,0.561,1.55,0.019,1.2517934530176
2355.09,0.521,1.75,0.017,1.2808180186899913
2355.09,0.575,1.908,0.018,1.0898390149858777
2355.09,0.522,1.623,0.015,1.3274818891290976
2355.11,0.556,1.958,0.019,1.1902003894694022
2355.11,0.571,1.718,0.018,1.2771355764806445
2355.14,0.555,1.801,0.017,1.204386308753047
2355.14,0.534,1.97,0.016,1.137965445724203
2355.15,0.562,1.581,0.016,1.485928486258438
2355.18,0.595,1.902,0.015,1.4560927669157067
2355.19,0.598,1.911,0.018,1.3225568792010856
2355.19,0.505,1.855,0.015,1.2812689609583563
2355.21,0.556,1.528,0.017,1.3497089275962637
2355.21,0.532,1.759,0.017,1.1671493936293267
2355.22,0.519,1.667,0.017,1.0566500653234168
2355.22,0.535,1.723,0.015,1.3789920501322475
2355.23,0.519,1.649,0.015,1.0462355583752125
2355.24,0.507,1.982,0.018,1.1216739203865225
2355.24,0.554,1.928,0.015,1.0906899788933757
2355.27,0.513,1.75,0.015,1.2232637277246168
2355.27,0.5,1.591,0.019,1.2539490980086108
2355.28,0.544,1.798,0.016,1.012047009447434
2355.29,0.537,1.784,0.019,1.4563007478890329
2355.31,0.528,1.563,0.018,1.333538360953834
2355.32,0.535,1.682,0.019,1.2995170372232736
2355.32,0.523,1.796,0.019,1.0774128522185806
2355.32,0.599,1.68,0.018,1.422536424294859
2355.34,0.553,1.846,0.018,1.434268227129632
2355.34,0.536,1.649,0.017,1.313288509790765
2355.35,0.565,1.899,0.016,1.1029766002659045
2355.35,0.508,1.935,0.017,1.0881470826500959
2355.36,0.514,1.739,0.018,1.3639508923797523
2355.38,0.519,1.594,0.015,1.3407175416350823
2355.38,0.504,1.545,0.017,1.4176938856457475
2355.39,0.508,1.608,0.019,1.07102166202866
2355.39,0.517,1.64,0.019,1.4365996272017518
2355.4,0.576,1.684,0.019,1.3346632210607434
2355.41,0.532,1.763,0.015,1.097930854887363
2355.42,0.576,1.996,0.018,1.281084604178993
2355.43,0.597,1.666,0.017,1.1027857445249507
2355.43,0.515,1.756,0.017,1.1353240665537665
2355.44,0.52,1.596,0.019,1.4746604816565565
2355.44,0.566,1.998,0.015,1.1227102781184883
2355.45,0.572,1.594,0.019,1.0827925421299305
2355.45,0.505,1.906,0.016,1.3369299349628831
2355.46,0.535,1.987,0.019,1.280296057844633
2355.48,0.53,1.764,0.016,1.4187462454894413
2355.49,0.523,1.85,0.018,1.4409004312134537
2355.5,0.596,1.725,0.015,1.0967779274723422
2355.5,0.518,1.994,0.015,1.1523001773490136
2355.51,0.562,1.995,0.017,1.2260502433510645
2355.51,0.557,1.53,0.015,1.3551672088421114
2355.51,0.577,1.922,0.017,1.3808401116547637
2355.51,0.559,1.702,0.017,1.3049265377225132
2355.51,0.515,1.797,0.015,1.4918247971272431
2355.54,0.562,1.906,0.018,1.369769175663194
2355.55,0.595,1.697,0.018,1.3452513974795908
2355.55,0.51,1.861,0.017,1.3063789615329238
2355.55,0.531,1.641,0.015,1.1899425712856146
2355.56,0.557,1.691,0.019,1.433002728927089
2355.57,0.554,1.891,0.016,1.0316900114949419
2355.58,0.542,1.54,0.015,1.201961254786071
2355.58,0.525,1.933,0.018,1.1934443386391473
2355.59,0.512,1.912,0.018,1.2816730494528743
2355.59,0.521,1.999,0.019,1.1827597963014265
2355.59,0.528,1.903,0.016,1.3746248138061916
2355.61,0.538,1.838,0.015,1.4893115553409744
2355.61,0.519,1.842,0.018,1.4997487235775564
2355.62,0.57,1.742,0.017,1.3060694002400597
2355.62,0.514,1.763,0.018,1.1043598327901316
2355.62,0.566,1.83,0.018,1.2709661447421252
2355.64,0.526,1.578,0.016,1.3303134974771247
2355.64,0.519,1.694,0.018,1.4010905748322153
2355.65,0.518,1.958,0.017,1.2227654572503295
2355.65,0.548,1.541,0.015,1.0726784710460537
2355.66,0.517,1.55,0.016,1.132552504384602
2355.67,0.556,1.915,0.015,1.2422677406360685
2355.68,0.589,1.586,0.018,1.1130708382403114
2355.68,0.597,1.716,0.018,1.020946376097864
2355.69,0.508,1.776,0.019,1.4373632618817649
2355.71,0.559,1.648,0.016,1.338534877203046
2355.72,0.514,1.843,0.019,1.0602067557880062
2355.73,0.528,1.556,0.019,1.2444976604019236
2355.73,0.525,1.741,0.016,1.2813161296232127
2355.73,0.519,1.852,0.018,1.022823263835323
2355.73,0.565,1.78,0.015,1.3414681364349474
2355.74,0.539,1.565,0.019,1.1004520715131114
2355.75,0.589,1.675,0.015,1.1596384485113698
2355.76,0.552,1.562,0.015,1.429478369532229
2355.78,0.563,1.916,0.015,1.3667757865764179
2355.78,0.551,1.843,0.015,1.3994128685727496
2355.78,0.515,1.82,0.018,1.1479578261803343
2355.78,0.5,1.508,0.017,1.399525805772057
2355.78,0.527,1.948,0.018,1.390066529102425
2355.8,0.556,1.569,0.015,1.3597230474915085
2355.8,0.532,1.92,0.016,1.019319670888319
2355.8,0.505,1.527,0.017,1.3084495665790783
2355.81,0.514,1.999,0.015,1.4851829188523762
2355.81,0.525,1.732,0.015,1.1747519555170727
2355.82,0.579,1.64,0.016,1.2363305515071095
2355.82,0.565,1.917,0.019,1.1446228954275077
2355.84,0.507,1.843,0.018,1.2157766365552487
2355.86,0.553,1.983,0.019,1.4902492718911993
2355.86,0.556,1.86,0.019,1.0829212898248823
2355.86,0.526,1.701,0.015,1.0128475608268743
2355.86,0.507,1.887,0.017,1.013398251623784
2355.87,0.593,1.539,0.017,1.3807110238033689
2355.88,0.505,1.691,0.019,1.3151841895693792
2355.89,0.592,1.745,0.017,1.4879576464452293
2355.89,0.5,1.614,0.016,1.3865998148985053
2355.9,0.593,1.689,0.019,1.350058684078939
2355.91,0.59,1.771,0.018,1.276875268846255
2355.91,0.573,1.659,0.019,1.190124461776152
2355.92,0.527,1.977,0.016,1.0603514932210014
2355.92,0.596,1.687,0.019,1.0742779490367664
2355.93,0.576,1.612,0.018,1.426062406803005
2355.93,0.559,1.547,0.016,1.4014600657244554
2355.93,0.589,1.786,0.015,1.3256718347912801
2355.94,0.546,1.887,0.016,1.4615969597812293
2355.95,0.535,1.697,0.017,1.3261152023418457
2355.95,0.571,1.534,0.015,1.0472386908484292
2355.95,0.525,1.839,0.019,1.2237753280832526
2355.95,0.503,1.609,0.016,1.3339346515807267
2355.95,0.532,1.529,0.015,1.4011295652336604
2355.96,0.524,1.91,0.017,1.4265891225832896
2355.96,0.532,1.757,0.019,1.3651255533904438
2356.0,0.568,1.605,0.016,1.4133509810517166
2356.01,0.581,1.874,0.015,1.4464694194622898
2356.01,0.529,1.791,0.019,1.0049930887415193
2356.02,0.583,1.688,0.019,1.1124191165852557
2356.03,0.588,1.549,0.015,1.050132511324368
2356.05,0.565,1.527,0.015,1.462461891405228
2356.06,0.56,1.668,0.016,1.4575014910836126
2356.06,0.576,1.981,0.015,1.483333400247051
2356.06,0.507,1.857,0.016,1.2207439774513311
2356.07,0.503,1.618,0.016,1.0803504826448689
2356.08,0.532,1.691,0.016,1.0666586560249598
2356.08,0.517,1.669,0.018,1.1779785995327168
2356.09,0.537,1.548,0.018,1.3846190746971763
2356.09,0.545,1.905,0.018,1.3721337115551868
2356.09,0.553,1.795,0.019,1.0297211400027395
2356.1,0.554,1.835,0.019,1.110857217406894
2356.1,0.573,1.55,0.016,1.425474156446552
2356.12,0.51,1.744,0.019,1.1001869431060052
2356.12,0.51,1.586,0.016,1.2716089593476327
2356.12,0.5,1.823,0.019,1.226355486988577
2356.14,0.531,1.789,0.017,1.255822707349734
2356.15,0.509,1.608,0.019,1.1362247608839509
2356.16,0.537,1.975,0.019,1.1036195276441054
2356.17,0.59,1.525,0.019,1.2923283225631188
2356.17,0.544,1.629,0.018,1.4828449837604634
2356.2,0.525,1.707,0.015,1.089532155449197
2356.2,0.59,1.595,0.016,1.2758696460718444
2356.21,0.546,1.599,0.015,1.275779492808702
2356.22,0.519,1.82,0.015,1.4624875610886467
2356.22,0.511,1.665,0.018,1.008538933449691
2356.24,0.52,1.915,0.019,1.137343819636672
2356.24,0.532,1.75,0.019,1.2147493388159594
2356.24,0.547,1.632,0.016,1.3886860980287037
2356.26,0.55,1.805,0.016,1.4717568198840547
2356.26,0.527,1.936,0.016,1.332568412367566
2356.26,0.517,1.734,0.016,1.285229208273844
2356.28,0.534,1.945,0.019,1.1684305755990294
2356.28,0.595,1.836,0.015,1.2388036347330493
2356.29,0.593,1.948,0.015,1.3114875891160533
2356.29,0.529,1.508,0.017,1.1299183293442492
2356.3,0.513,1.933,0.018,1.3889265995594595
2356.31,0.507,1.974,0.016,1.0455062315189534
2356.33,0.54,1.828,0.018,1.1769890273374202
2356.33,0.577,1.863,0.016,1.3870084274729455
2356.36,0.562,1.915,0.018,1.4207263764621045
2356.37,0.599,1.926,0.018,1.1079664061252255
2356.37,0.512,1.711,0.016,1.0221248349694572
2356.38,0.583,1.881,0.017,1.1738493167088246
2356.41,0.561,1.863,0.017,1.2086986273941012
2356.41,0.584,1.685,0.018,1.0056662513741164
2356.42,0.571,1.617,0.019,1.3100630636817854
2356.43,0.562,1.684,0.017,1.0570299294580927
2356.43,0.527,1.951,0.015,1.3060714865056193
2356.43,0.565,1.921,0.015,1.3844892115842276
2356.43,0.53,1.806,0.015,1.0190149586224182
2356.43,0.521,1.74,0.017,1.3866732588765949
2356.44,0.547,1.612,0.018,1.0027939402391393
2356.44,0.589,1.557,0.019,1.4640190209624964
2356.44,0.514,1.522,0.017,1.3879559359557045
2356.45,0.593,1.639,0.018,1.366989799540768
2356.46,0.588,1.929,0.018,1.15489598055411
2356.47,0.501,1.879,0.017,1.10156102817634
2356.47,0.588,1.819,0.018,1.1129654520337575
2356.49,0.59,1.657,0.015,1.3025066315827782
2356.5,0.564,1.692,0.016,1.0198813214800617
2356.51,0.56,1.963,0.016,1.4155871090958145
2356.51,0.523,1.704,0.017,1.473709171582116
2356.51,0.571,1.667,0.016,1.4815222982488008
2356.52,0.531,1.564,0.016,1.3861947106012515
2356.52,0.535,1.689,0.018,1.3932900401206143
2356.52,0.535,1.778,0.017,1.4763915304638253
2356.52,0.556,1.697,0.019,1.208823174142069
2356.53,0.514,1.782,0.018,1.2822076283142279
2356.54,0.566,1.604,0.016,1.1145615564189988
2356.54,0.579,1.758,0.019,1.3828768180943942
2356.55,0.552,1.99,0.015,1.3828771986880022
2356.55,0.577,1.722,0.018,1.3694332960357316
2356.56,0.54,1.612,0.018,1.4463887905805985
2356.56,0.59,1.519,0.019,1.2552346041370046
2356.56,0.523,1.605,0.018,1.158859847524889
2356.57,0.54,1.537,0.019,1.1584570616775458
2356.58,0.594,1.85,0.019,1.4229459739907204
2356.58,0.58,1.833,0.019,1.0272458116204213
2356.59,0.542,1.625,0.017,1.163274969497322
2356.6,0.514,1.774,0.019,1.2954886374236958
2356.62,0.569,1.64,0.015,1.2991036938633955
2356.62,0.555,1.638,0.018,1.1679557316518752
2356.63,0.502,1.88,0.019,1.4299171553334955
2356.63,0.558,1.659,0.015,1.4632723225890516
2356.64,0.565,1.844,0.018,1.4983748221281785
2356.64,0.541,1.509,0.017,1.3059881440858612
2356.65,0.563,1.701,0.018,1.4745256270455296
2356.66,0.592,1.944,0.017,1.4059312969596809
2356.66,0.503,1.739,0.016,1.1551692388691261
2356.66,0.544,1.868,0.018,1.164031203958509
2356.69,0.582,1.789,0.016,1.0175149085089568
2356.69,0.555,1.765,0.017,1.453239467801668
2356.7,0.526,1.571,0.017,1.1628622565946407
2356.71,0.506,1.935,0.015,1.1520588791387776
2356.71,0.511,1.893,0.017,1.0733689284921986
2356.73,0.558,1.974,0.015,1.015094335225577
2356.73,0.592,1.714,0.017,1.468440935949307
2356.74,0.511,1.799,0.017,1.087393404356128
2356.75,0.504,1.553,0.018,1.2303943414820493
2356.76,0.58,1.65,0.016,1.316670520760578
2356.76,0.593,1.889,0.018,1.0964619236875266
2356.76,0.55,1.833,0.016,1.452531644835409
2356.77,0.548,1.632,0.019,1.3179332529651204
2356.78,0.536,1.859,0.015,1.0332687464686956
2356.79,0.593,1.878,0.018,1.2601709200400766
2356.81,0.501,1.666,0.019,1.3156480219678564
2356.81,0.573,1.664,0.018,1.4088930433038829
2356.83,0.537,1.685,0.015,1.246083456337055
2356.84,0.581,1.639,0.017,1.2991539339970626
2356.85,0.595,1.819,0.017,1.118356216945157
2356.86,0.511,1.685,0.016,1.1883659528066493
2356.87,0.599,1.959,0.017,1.0447242499661047
2356.87,0.558,1.75,0.015,1.488897832753652
2356.87,0.53,1.836,0.017,1.3198562829257114
2356.88,0.594,1.945,0.016,1.48411396275108
2356.88,0.594,1.575,0.018,1.070698346248425
2356.89,0.564,1.896,0.019,1.31915789669048
2356.91,0.568,1.533,0.017,1.2299198363070047
2356.93,0.589,1.533,0.019,1.0857359101716082
2356.94,0.598,1.724,0.017,1.3870655403024985
2356.95,0.51,1.657,0.019,1.0203793101540852
2356.96,0.504,1.598,0.015,1.1036478101358944
2356.97,0.52,1.988,0.018,1.3164027112338395
2356.98,0.587,1.939,0.016,1.0879285593442392
2356.98,0.514,1.813,0.017,1.1674208900447356
2356.98,0.568,1.741,0.018,1.08914348422366
2357.0,0.565,1.963,0.018,1.2464959769966244
2357.0,0.515,1.7,0.018,1.0101773964062235
2357.01,0.535,1.877,0.018,1.1413611751468817
2357.03,0.568,1.991,0.017,1.1156890045664225
2357.05,0.57,1.741,0.018,1.4791547386073918
2357.06,0.531,1.793,0.017,1.0888034872824006
2357.07,0.591,1.983,0.018,1.0198549860502282
2357.07,0.51,1.746,0.015,1.3199750751195127
2357.07,0.56,1.743,0.019,1.4072962202378765
2357.08,0.534,1.938,0.015,1.1320327822071423
2357.09,0.551,1.769,0.016,1.4968908692388474
2357.1,0.53,1.607,0.016,1.1895776969017855
2357.11,0.577,1.881,0.015,1.375759206349026
2357.11,0.527,1.901,0.018,1.34112190059005
2357.12,0.589,1.835,0.017,1.4576234076618528
2357.13,0.592,1.858,0.018,1.0939953649663656
2357.14,0.589,1.879,0.018,1.1631993979193278
2357.15,0.536,1.778,0.018,1.127572468865091
2357.15,0.514,1.754,0.017,1.4711288951099912
2357.15,0.561,1.959,0.018,1.0000917563724783
2357.17,0.538,1.544,0.015,1.3397651798575514
2357.18,0.501,1.584,0.017,1.3715796014617891
2357.19,0.562,1.594,0.019,1.3202046987878562
2357.19,0.583,1.596,0.015,1.1610768901009907
2357.2,0.574,1.831,0.019,1.3516821022942298
2357.21,0.572,1.942,0.017,1.4021807777227477
2357.21,0.564,1.887,0.019,1.4261458628359898
2357.22,0.502,1.998,0.017,1.2275646723038016
2357.22,0.508,1.635,0.018,1.0557713936380102
2357.23,0.526,1.599,0.017,1.014539646744021
2357.25,0.534,1.545,0.016,1.1865783945740738
2357.25,0.59,1.796,0.015,1.0824922242063781
2357.26,0.562,1.902,0.016,1.1983103994256492
2357.29,0.534,1.552,0.017,1.4937698558774164
2357.29,0.575,1.78,0.019,1.1985512128079008
2357.29,0.549,1.613,0.017,1.3188101575891489
2357.3,0.555,1.971,0.018,1.2256928155973472
2357.31,0.556,1.715,0.017,1.2301447611023228
2357.31,0.566,1.826,0.018,1.3588353056106885
2357.32,0.557,1.939,0.016,1.008648633683879
2357.32,0.519,1.655,0.017,1.168611120189825
2357.32,0.599,1.671,0.017,1.3768610175971554
2357.33,0.581,1.561,0.017,1.0816295550692208
2357.33,0.524,1.93,0.016,1.2134495399734129
2357.35,0.537,1.683,0.016,1.0778280981187074
2357.35,0.509,1.669,0.016,1.1356181292130176
2357.35,0.519,1.578,0.019,1.0242792685760271
2357.37,0.532,1.717,0.015,1.232003572087104
2357.37,0.567,1.869,0.019,1.3207797970777375
2357.37,0.536,1.621,0.015,1.2275501889329552
2357.38,0.53,1.813,0.019,1.2521575144337387
2357.38,0.58,1.517,0.017,1.2557876385143936
2357.38,0.529,1.596,0.016,1.0828379677599196
2357.39,0.545,1.944,0.015,1.4415098850266395
2357.4,0.567,1.95,0.016,1.2656638500532078
2357.41,0.531,1.95,0.018,1.281285057381493
2357.42,0.599,1.711,0.018,1.3411016298942302
2357.44,0.527,1.569,0.016,1.2859095737501425
2357.44,0.543,1.543,0.018,1.2035098096337553
2357.44,0.51,1.6,0.017,1.1697662332866208
2357.45,0.558,1.683,0.017,1.1822641181785531
2357.47,0.551,1.671,0.016,1.371032728353726
2357.48,0.563,1.91,0.016,1.391142171705595
2357.49,0.593,1.539,0.017,1.3632318815852735
2357.53,0.592,1.728,0.016,1.492809164647932
2357.54,0.538,1.881,0.017,1.0049783626761173
2357.54,0.534,1.847,0.019,1.0484490941043525
2357.55,0.507,1.891,0.017,1.4995783902486335
2357.56,0.554,1.669,0.015,1.1043036780139488
2357.56,0.54,1.842,0.019,1.3907152990508127
2357.57,0.599,1.557,0.017,1.199806394753702
2357.57,0.555,1.961,0.019,1.0575071408085324
2357.58,0.535,1.931,0.015,1.1131617311505968
2357.58,0.549,1.509,0.015,1.0275120269095352
2357.58,0.519,1.52,0.016,1.2799618733972522
2357.58,0.563,1.968,0.016,1.4771143489216045
2357.59,0.517,1.912,0.017,1.2836663658953873
2357.6,0.539,1.749,0.015,1.3329820283473441
2357.6,0.592,1.61,0.018,1.3276884960500788
2357.61,0.502,1.969,0.015,1.0246813605004523
2357.61,0.534,1.981,0.018,1.1801074883754068
2357.61,0.563,1.814,0.015,1.201052708721403
2357.62,0.56,1.768,0.015,1.468619010770422
2357.62,0.5,1.616,0.017,1.4109504676393942
2357.66,0.592,1.505,0.018,1.3761985209501273
2357.66,0.577,1.593,0.017,1.1311563192184393
2357.67,0.502,1.621,0.016,1.4548804297736555
2357.67,0.504,1.639,0.015,1.0499823338976533
2357.69,0.524,1.903,0.015,1.1850428965411544
2357.72,0.531,1.858,0.015,1.346598111851939
2357.72,0.566,1.83,0.016,1.0966917428291838
2357.73,0.509,1.887,0.018,1.0670018394301823
2357.73,0.524,1.919,0.017,1.0478504480489503
2357.74,0.542,1.74,0.015,1.2707795665705612
2357.74,0.515,1.689,0.015,1.0806534935948486
2357.74,0.575,1.528,0.017,1.4361505074715009
2357.75,0.596,1.982,0.018,1.252943435378927
2357.75,0.553,1.861,0.016,1.1966617617566424
2357.75,0.557,1.675,0.019,1.271604413113747
2357.76,0.549,1.886,0.018,1.1544902527972172
2357.76,0.546,1.786,0.019,1.1295201339220076
2357.77,0.518,1.855,0.017,1.1092451485975894
2357.78,0.554,1.867,0.018,1.0494586903676706
2357.79,0.567,1.909,0.018,1.1459605085058493
2357.79,0.517,1.914,0.019,1.1298543589014607
2357.8,0.517,1.602,0.017,1.3606904805698
2357.8,0.548,1.7,0.016,1.3503209426202383
2357.81,0.567,1.557,0.015,1.0918537028932214
2357.83,0.539,1.788,0.019,1.3691983190461845
2357.84,0.517,1.667,0.019,1.323116790530882
2357.86,0.514,1.854,0.017,1.0471115544012544
2357.87,0.59,1.692,0.015,1.4825505471225457
2357.88,0.575,1.607,0.018,1.173899205144119
2357.91,0.542,1.981,0.017,1.147901068055413
2357.91,0.518,1.591,0.018,1.0584693814063892
2357.91,0.527,1.81,0.017,1.0988126167744103
2357.91,0.565,1.95,0.016,1.1289676400974837
2357.92,0.5,1.512,0.018,1.4627563337471627
2357.93,0.591,1.798,0.019,1.0876471289538434
2357.94,0.533,1.583,0.019,1.3563040922814624
2357.96,0.557,1.819,0.016,1.3099421824699033
2357.98,0.51,1.582,0.017,1.2795342165210906
2357.98,0.563,1.726,0.017,1.4697529373899672
2357.98,0.593,1.675,0.015,1.1446579740124678
2357.98,0.527,1.819,0.017,1.1599092451057174
2357.99,0.565,1.956,0.017,1.2495120204001584
2358.0,0.583,1.527,0.016,1.4902556194492094
2358.0,0.514,1.832,0.017,1.0996897941641173
2358.02,0.528,1.752,0.016,1.2161073252910637
2358.02,0.513,1.846,0.018,1.4230585745292148
2358.03,0.507,1.579,0.016,1.3647296397888309
2358.05,0.508,1.67,0.018,1.0790766219568964
2358.05,0.516,1.717,0.019,1.3560960490374978
2358.06,0.574,1.517,0.018,1.4246251802590808
2358.07,0.546,1.663,0.019,1.0778103543218274
2358.08,0.515,1.642,0.017,1.4042693516007305
2358.08,0.572,1.728,0.016,1.3169569002979253
2358.1,0.582,1.739,0.016,1.29578558224721
2358.12,0.585,1.772,0.015,1.287875445581253
2358.12,0.522,1.581,0.019,1.3667803627257873
2358.12,0.542,1.973,0.018,1.3790624840515668
2358.13,0.598,1.577,0.016,1.0829477732923667
2358.13,0.506,1.841,0.019,1.197504684299469
2358.15,0.508,1.92,0.016,1.3911921154302993
2358.16,0.542,1.981,0.016,1.4715701374957681
2358.16,0.553,1.585,0.018,1.431493757830737
2358.17,0.519,1.664,0.017,1.3581359271433258
2358.17,0.593,1.848,0.018,1.4969296073554283
2358.18,0.543,1.568,0.016,1.0436075241259004
2358.18,0.581,1.911,0.017,1.1194397683584707
2358.18,0.54,1.556,0.016,1.3203225183733736
2358.19,0.58,1.614,0.017,1.345797944252869
2358.2,0.56,1.917,0.018,1.243426904648526
2358.21,0.573,1.775,0.017,1.4362926349000142
2358.21,0.598,1.752,0.018,1.120394861908966
2358.22,0.58,1.667,0.018,1.2124998899602635
2358.22,0.593,1.598,0.019,1.0258520540032174
2358.22,0.546,1.998,0.019,1.3957111244468736
2358.22,0.583,1.696,0.016,1.2069294388510339
2358.22,0.597,1.873,0.017,1.4444353405792614
2358.23,0.511,1.551,0.015,1.2268733396517475
2358.23,0.523,1.946,0.016,1.010839040477501
2358.23,0.55,1.688,0.015,1.1582180888637006
2358.25,0.568,1.922,0.018,1.3957399964996164
2358.25,0.57,1.76,0.019,1.0205230111301824
2358.3,0.512,1.633,0.019,1.045822617920052
2358.31,0.507,1.819,0.019,1.3227652204478495
2358.32,0.557,1.601,0.018,1.2532936902220733
2358.32,0.589,1.501,0.018,1.3209188844672792
2358.32,0.537,1.531,0.016,1.1810154307671892
2358.33,0.564,1.614,0.018,1.303808144566334
2358.33,0.534,1.719,0.017,1.1405663730912705
2358.33,0.52,1.564,0.019,1.0035485048524186
2358.34,0.564,1.813,0.015,1.0436611300053913
2358.35,0.556,1.73,0.015,1.4777912820845445
2358.36,0.54,1.974,0.015,1.379656507895812
2358.36,0.535,1.763,0.016,1.4318433610278762
2358.37,0.503,1.855,0.017,1.1049913584389734
2358.37,0.562,1.93,0.017,1.3894378404781986
2358.39,0.51,1.851,0.019,1.4823842908599374
2358.39,0.556,1.618,0.019,1.3491705911875091
2358.39,0.514,1.835,0.016,1.375196957501508
2358.41,0.557,1.95,0.017,1.439408566085488
2358.42,0.557,1.852,0.018,1.0312983546911723
2358.42,0.517,1.724,0.019,1.0027752098717726
2358.42,0.594,1.82,0.017,1.3577300407296276
2358.45,0.545,1.976,0.019,1.277566097636443
2358.45,0.534,1.924,0.018,1.1235359021830282
2358.46,0.517,1.86,0.019,1.0712170050130796
2358.47,0.582,1.643,0.018,1.476205611037329
2358.52,0.582,1.654,0.015,1.093507592458406
2358.52,0.536,1.991,0.017,1.1734548808756204
2358.53,0.589,1.642,0.015,1.4095222909825769
2358.53,0.58,1.987,0.019,1.278989555420314
2358.55,0.587,1.809,0.017,1.117566546794154
2358.57,0.502,1.972,0.019,1.2492943567041968
2358.58,0.578,1.561,0.016,1.1159638237842526
2358.59,0.599,1.872,0.017,1.4676673537919864
2358.59,0.546,1.802,0.016,1.2352352988542121
2358.62,0.531,1.625,0.015,1.4248126119519031
2358.63,0.526,1.61,0.018,1.2239688837357066
2358.63,0.57,1.545,0.019,1.1482083920090587
2358.63,0.548,1.553,0.015,1.0509507989971305
2358.63,0.576,1.727,0.017,1.4334798129224908
2358.65,0.548,1.89,0.019,1.2429811314722596
2358.71,0.569,1.989,0.018,1.3856983163480656
2358.73,0.552,1.896,0.016,1.3112094051302732
2358.73,0.577,1.63,0.016,1.0360857487932904
2358.74,0.588,1.816,0.015,1.0149794386815378
2358.74,0.563,1.516,0.016,1.0523089100351692
2358.76,0.516,1.938,0.019,1.3163935206927238
2358.76,0.52,1.948,0.017,1.3519184820010466
2358.79,0.543,1.611,0.016,1.4671528811242456
2358.8,0.502,1.55,0.015,1.088115334562791
2358.8,0.563,1.7,0.015,1.241864035679829
2358.81,0.533,1.595,0.018,1.1879999043498215
2358.83,0.556,1.813,0.017,1.2347226520538197
2358.83,0.574,1.894,0.019,1.132631390009662
2358.84,0.526,1.677,0.017,1.3609995371943426
2358.84,0.599,1.91,0.019,1.0898260874273182
2358.84,0.531,1.957,0.016,1.2447128129376739
2358.87,0.593,1.817,0.015,1.0396208776962328
2358.91,0.516,1.877,0.018,1.418168739328469
2358.92,0.596,1.644,0.016,1.2492281315716105
2358.92,0.572,1.761,0.019,1.2339121644783346
2358.92,0.56,1.543,0.017,1.4879722769656558
2358.92,0.544,1.608,0.019,1.2168918627224046
2358.94,0.584,1.82,0.018,1.3938952369004864
2358.94,0.521,1.977,0.016,1.0772891295500564
2358.94,0.53,1.547,0.019,1.2898601487952481
2358.95,0.502,1.651,0.016,1.2311475582827272
2358.96,0.582,1.697,0.018,1.1713301601282098
2358.96,0.509,1.766,0.017,1.3951356408434457
2358.96,0.546,1.917,0.015,1.4773536536880212
2358.96,0.595,1.576,0.018,1.1953103257088225
2358.96,0.586,1.617,0.018,1.2214510745008451
2358.96,0.573,1.806,0.016,1.078597486939084
2358.97,0.568,1.983,0.018,1.2952468313533894
2358.99,0.521,1.974,0.016,1.2995400290257715
2358.99,0.535,1.892,0.019,1.2894690164154654
2359.03,0.593,1.852,0.019,1.262125826681964
2359.03,0.521,1.776,0.015,1.4852012441839588
2359.04,0.504,1.587,0.016,1.061592754302628
2359.05,0.546,1.663,0.016,1.2031947632959192
2359.05,0.581,1.519,0.016,1.1214410181090475
2359.05,0.566,1.591,0.019,1.1838652513916341
2359.08,0.575,1.855,0.018,1.0319275446830432
2359.09,0.533,1.64,0.016,1.3242244849779512
2359.09,0.574,1.655,0.018,1.181394014063612
2359.1,0.506,1.84,0.015,1.1205063714784962
2359.1,0.546,1.7,0.019,1.2083646051000103
2359.11,0.507,1.887,0.018,1.4362011232872762
2359.11,0.581,1.855,0.015,1.2878044080920659
2359.13,0.589,1.646,0.019,1.2620652499897331
2359.13,0.564,1.538,0.019,1.1215147236503944
2359.13,0.519,1.619,0.018,1.120343628582692
2359.14,0.529,1.651,0.019,1.4689679270197729
2359.15,0.5,1.894,0.017,1.3328034985814439
2359.16,0.599,1.875,0.018,1.0772711270917221
2359.17,0.517,1.998,0.019,1.383488093419365
2359.17,0.507,1.872,0.019,1.2059401948005841
2359.17,0.572,1.531,0.016,1.2012204495832188
2359.18,0.569,1.811,0.017,1.0533014348832526
2359.19,0.583,1.944,0.016,1.2495928142233659
2359.21,0.591,1.926,0.015,1.3752685099691846
2359.21,0.533,1.667,0.016,1.0955972368065847
2359.22,0.525,1.768,0.019,1.2461976037559033
2359.22,0.56,1.73,0.019,1.337932735730264
2359.23,0.526,1.903,0.019,1.013297928641056
2359.23,0.544,1.836,0.018,1.1850263350270571
2359.24,0.545,1.653,0.016,1.0322253089255389
2359.24,0.531,1.827,0.019,1.4884798689455234
2359.25,0.575,1.55,0.015,1.3789425536459368
2359.25,0.556,1.654,0.017,1.4130932842609951
2359.26,0.527,1.827,0.017,1.265580146654889
2359.28,0.537,1.527,0.016,1.1556271886173628
2359.29,0.576,1.602,0.018,1.2448883795825751
2359.29,0.537,1.977,0.019,1.315630491987819
2359.3,0.505,1.585,0.018,1.0123173349343384
2359.3,0.538,1.942,0.019,1.03264812865435
2359.31,0.527,1.858,0.015,1.1309937504757595
2359.32,0.519,1.528,0.015,1.4328612074194744
2359.32,0.55,1.598,0.019,1.1690703994625464
2359.33,0.526,1.537,0.019,1.2886287531820586
2359.34,0.564,1.736,0.019,1.3004549939788375
2359.35,0.534,1.732,0.015,1.069754142349723
2359.35,0.523,1.933,0.016,1.062404744562147
2359.35,0.504,1.545,0.018,1.1077878174443034
2359.36,0.532,1.681,0.017,1.2229351001948685
2359.36,0.523,1.954,0.017,1.3424982525113598
2359.37,0.518,1.805,0.019,1.3257737192784083
2359.38,0.537,1.759,0.019,1.21883764533409
2359.38,0.523,1.777,0.017,1.0433202360296034
2359.39,0.551,1.508,0.017,1.4124517169801831
2359.39,0.524,1.703,0.019,1.1662520458480508
2359.41,0.558,1.94,0.017,1.0037360958056634
2359.42,0.517,1.6,0.018,1.4619175899671988
2359.42,0.56,1.811,0.015,1.2162888850700195
2359.43,0.583,1.545,0.019,1.2374463270318765
2359.43,0.543,1.985,0.017,1.1308991205214736
2359.43,0.525,1.97,0.018,1.2801051556019067
2359.43,0.58,1.669,0.018,1.1292602346218068
2359.45,0.501,1.501,0.018,1.1333715918501677
2359.45,0.579,1.831,0.017,1.1081831652044023
2359.45,0.564,1.534,0.019,1.0928973682659435
2359.45,0.536,1.853,0.017,1.2266746028251625
2359.46,0.515,1.871,0.018,1.001657157210285
2359.46,0.546,1.587,0.018,1.4310366588644623
2359.46,0.581,1.673,0.015,1.446733140284287
2359.46,0.552,1.501,0.019,1.3882598265648256
2359.46,0.5,1.667,0.019,1.028233527137758
2359.47,0.549,1.518,0.016,1.1065018407847942
2359.48,0.505,1.823,0.015,1.1778966487887779
2359.49,0.574,1.755,0.018,1.121384529890198
2359.5,0.587,1.792,0.017,1.1818112998483337
2359.5,0.532,1.65,0.018,1.0477281124955193
2359.5,0.512,1.735,0.015,1.4064888696343198
2359.5,0.506,1.831,0.015,1.3191143957256477
2359.51,0.573,1.825,0.017,1.4416441003578284
2359.52,0.594,1.653,0.016,1.3307383522563216
2359.53,0.574,1.635,0.016,1.1994746035085047
2359.55,0.543,1.846,0.019,1.4162004192855395
2359.55,0.532,1.652,0.015,1.0801066512893045
2359.56,0.551,1.658,0.015,1.0395804887570357
2359.57,0.524,1.621,0.016,1.2993236907465981
2359.57,0.598,1.978,0.018,1.0291219758864882
2359.58,0.567,1.986,0.017,1.2451086430376241
2359.58,0.531,1.745,0.015,1.205687481903718
2359.6,0.582,1.616,0.018,1.437904612740014
2359.6,0.572,1.688,0.015,1.0286836768360845
2359.6,0.518,1.979,0.017,1.332934153823412
2359.62,0.529,1.593,0.017,1.3580532330725057
2359.62,0.561,1.829,0.018,1.1485680976933412
2359.62,0.552,1.85,0.018,1.4547979426657907
2359.65,0.566,1.56,0.018,1.45608007432912
2359.65,0.559,1.684,0.015,1.3863183398096959
2359.66,0.551,1.701,0.019,1.1718311806725232
2359.67,0.567,1.61,0.017,1.134844568955692
2359.67,0.518,1.942,0.017,1.0658489255299108
2359.68,0.51,1.801,0.018,1.2183208002975705
2359.69,0.536,1.572,0.018,1.3365044821616348
2359.69,0.532,1.62,0.016,1.060961393642992
2359.7,0.544,1.999,0.018,1.2666466954053812
2359.7,0.539,1.728,0.019,1.3426360201754113
2359.71,0.54,1.534,0.016,1.4927428277624721
2359.71,0.595,1.939,0.015,1.3824038079062384
2359.71,0.594,1.584,0.017,1.031547221234158
2359.72,0.595,1.87,0.018,1.049021345479641
2359.75,0.505,1.553,0.019,1.1189366172959208
2359.76,0.53,1.549,0.015,1.1076481312976383
2359.78,0.52,1.736,0.017,1.0787367257694047
2359.79,0.522,1.864,0.016,1.160882710181216
2359.79,0.532,1.805,0.015,1.1304797031622762
2359.8,0.572,1.782,0.017,1.484332880159367
2359.8,0.59,1.818,0.019,1.025870343290056
2359.8,0.527,1.924,0.017,1.1193066037398385
2359.82,0.572,1.802,0.015,1.0267128764368232
2359.85,0.597,1.797,0.016,1.2147115246350755
2359.85,0.586,1.522,0.019,1.2602570204286236
2359.85,0.542,1.789,0.015,1.480187223731451
2359.86,0.546,1.629,0.016,1.4160491015108758
2359.86,0.538,1.939,0.019,1.1954675663247314
2359.87,0.536,1.562,0.015,1.143895085615867
2359.87,0.588,1.818,0.019,1.084069968469342
2359.88,0.52,1.874,0.016,1.1136902807343352
2359.88,0.57,1.581,0.018,1.1460091236397594
2359.88,0.57,1.976,0.017,1.307490680503017
2359.89,0.55,1.643,0.015,1.157875427379604
2359.91,0.579,1.961,0.018,1.4388856314348915
2359.92,0.58,1.678,0.017,1.3169541139145478
2359.92,0.526,1.853,0.017,1.3286092172162878
2359.93,0.521,1.702,0.018,1.2354063843191314
2359.93,0.545,1.921,0.016,1.4638154176199627
2359.95,0.542,1.794,0.015,1.0319303475831905
2359.96,0.593,1.775,0.017,1.0799909290484468
2359.96,0.544,1.905,0.018,1.0327990299233543
2359.97,0.573,1.957,0.019,1.205934346417561
2360.0,0.584,1.509,0.015,1.4454047103999133
2360.0,0.521,1.845,0.016,1.0928902532001246
2360.01,0.521,1.888,0.015,1.462901846121477
2360.02,0.512,1.949,0.016,1.4356250449504175
2360.02,0.501,1.633,0.016,1.2311487853120908
2360.03,0.581,1.986,0.017,1.4423119537201499
2360.04,0.573,1.773,0.017,1.4522789336655477
2360.05,0.559,1.722,0.017,1.0896160210275887
2360.06,0.508,1.973,0.017,1.4958868962010232
2360.08,0.561,1.545,0.017,1.055337956675001
2360.08,0.549,1.792,0.018,1.488949380857308
2360.09,0.515,1.688,0.017,1.4664120225561375
2360.09,0.599,1.74,0.019,1.1865739112295428
2360.09,0.541,1.768,0.018,1.1326526929932383
2360.11,0.59,1.811,0.017,1.436967616802828
2360.11,0.57,1.55,0.019,1.255539190795184
2360.12,0.514,1.59,0.017,1.1119712476446684
2360.13,0.513,1.767,0.015,1.492684727722334
2360.13,0.565,1.532,0.019,1.4459679628087834
2360.14,0.535,1.914,0.017,1.4519452535238253
2360.15,0.553,1.722,0.018,1.2261904598183875
2360.16,0.539,1.981,0.016,1.4751533635872298
2360.16,0.556,1.894,0.018,1.3761504598074568
2360.17,0.593,1.952,0.019,1.1430220872092265
2360.17,0.51,1.584,0.018,1.4567866317257563
2360.17,0.583,1.735,0.016,1.2488521959014025
2360.18,0.597,1.886,0.016,1.4213578934421753
2360.18,0.511,1.958,0.019,1.0444715283177104
2360.18,0.523,1.956,0.017,1.1155993761281242
2360.2,0.539,1.843,0.019,1.320545201895969
2360.2,0.563,1.962,0.018,1.2538384565736291
2360.2,0.54,1.617,0.015,1.3222785916864832
2360.21,0.533,1.619,0.019,1.4567379180216997
2360.22,0.539,1.568,0.016,1.3305770008184692
2360.23,0.595,1.727,0.015,1.2192744200175039
2360.23,0.583,1.507,0.019,1.4862829644240412
2360.24,0.556,1.612,0.017,1.2666978579286843
2360.24,0.505,1.596,0.016,1.2135656843404201
2360.25,0.557,1.584,0.019,1.3108309493809922
2360.25,0.572,1.732,0.017,1.1369699220873597
2360.26,0.593,1.804,0.016,1.4034634562348385
2360.26,0.507,1.622,0.016,1.0685101576164935
2360.26,0.514,1.692,0.018,1.2135166804123978
2360.26,0.51,1.595,0.018,1.3209606476038243
2360.27,0.524,1.805,0.019,1.3864422598118253
2360.28,0.525,1.713,0.016,1.2874267328147293
2360.29,0.503,1.953,0.017,1.325016961002778
2360.29,0.544,1.641,0.016,1.347368875341108
2360.3,0.519,1.576,0.019,1.4085523932037538
2360.3,0.513,1.901,0.019,1.2220811104957794
2360.31,0.51,1.527,0.019,1.3520367474600365
2360.31,0.546,1.743,0.015,1.2047703665148077
2360.31,0.581,1.973,0.015,1.3929825965317568
2360.32,0.544,1.75,0.016,1.2935351957928716
2360.33,0.504,1.822,0.018,1.0824388298168903
2360.33,0.599,1.975,0.015,1.0873358031425413
2360.33,0.515,1.769,0.018,1.4718172906838234
2360.35,0.563,1.796,0.015,1.2614375842101377
2360.36,0.537,1.862,0.017,1.4789903894364267
2360.36,0.556,1.604,0.016,1.4642201903380674
2360.37,0.524,1.957,0.017,1.310704791808672
2360.38,0.53,1.594,0.017,1.39962814552403
2360.38,0.502,1.505,0.017,1.1365414935357028
2360.39,0.503,1.77,0.017,1.3008920363798504
2360.39,0.511,1.889,0.018,1.031239891589201
2360.4,0.588,1.759,0.016,1.437071557541362
2360.4,0.536,1.554,0.018,1.4550283355493314
2360.41,0.567,1.998,0.015,1.379254557139296
2360.41,0.504,1.562,0.018,1.4804987669760936
2360.41,0.548,1.586,0.015,1.4290700565949668
2360.42,0.594,1.892,0.017,1.1509469575825197
2360.42,0.514,1.518,0.018,1.4681185250740825
2360.42,0.523,1.925,0.017,1.4792426717498404
2360.43,0.557,1.709,0.015,1.0776753742434968
2360.44,0.597,1.633,0.016,1.3711285229346681
2360.45,0.573,1.686,0.016,1.408642215222358
2360.46,0.559,1.918,0.015,1.4864014245511061
2360.47,0.591,1.878,0.016,1.106199003113161
2360.48,0.542,1.964,0.017,1.3476584556422542
2360.48,0.535,1.508,0.017,1.167822753786278
2360.49,0.569,1.769,0.018,1.4847225827982087
2360.49,0.523,1.822,0.016,1.1795196291756036
2360.51,0.542,1.813,0.018,1.1414562127633823
2360.51,0.507,1.857,0.016,1.2001849378603984
2360.52,0.511,1.639,0.016,1.1455705951322894
2360.52,0.53,1.616,0.019,1.0639898609755958
2360.54,0.595,1.69,0.018,1.240315192949188
2360.55,0.55,1.861,0.019,1.1392279720099043
2360.56,0.544,1.777,0.018,1.0358020512738846
2360.58,0.585,1.581,0.017,1.3016192754867117
2360.59,0.533,1.818,0.015,1.1667591374898765
2360.61,0.546,1.85,0.015,1.3825985093077189
2360.61,0.544,1.994,0.015,1.354051699175574
2360.64,0.551,1.808,0.019,1.1974074333319509
2360.65,0.591,1.649,0.017,1.2075774392644965
2360.65,0.55,1.532,0.015,1.1566197449586395
2360.66,0.505,1.707,0.017,1.193397259000771
2360.67,0.582,1.937,0.018,1.0314219795156252
2360.68,0.531,1.532,0.018,1.0446961987153212
2360.69,0.543,1.888,0.017,1.0305613691123643
2360.71,0.534,1.75,0.016,1.0858090285467021
2360.71,0.552,1.998,0.015,1.4853814364406703
2360.72,0.598,1.845,0.018,1.1657424110731933
2360.72,0.546,1.947,0.015,1.3790613334451844
2360.72,0.538,1.579,0.016,1.1016716044437505
2360.72,0.527,1.532,0.018,1.3458012804291974
2360.73,0.591,1.656,0.019,1.1175623851532819
2360.73,0.503,1.811,0.019,1.267333366127966
2360.73,0.519,1.635,0.015,1.2363049093603775
2360.73,0.516,1.786,0.016,1.1175143062034618
2360.74,0.556,1.567,0.017,1.0520502913705483
2360.75,0.581,1.837,0.016,1.4861466950739368
2360.77,0.533,1.809,0.018,1.4824087359671827
2360.77,0.501,1.536,0.018,1.00951986544487
2360.78,0.591,1.616,0.017,1.239076103944934
2360.81,0.574,1.731,0.018,1.3883060680501722
2360.81,0.577,1.579,0.019,1.4817225564371368
2360.82,0.598,1.825,0.015,1.4174711154470911
2360.82,0.562,1.937,0.016,1.0402642692244655
2360.84,0.57,1.849,0.018,1.124479051281507
2360.86,0.569,1.982,0.016,1.3945108185201915
2360.87,0.531,1.716,0.016,1.2943760619706366
2360.87,0.559,1.929,0.017,1.4066168227126574
2360.88,0.541,1.812,0.015,1.3873803832820615
2360.88,0.559,1.789,0.017,1.0289689540047218
2360.88,0.511,1.842,0.019,1.241886595780275
2360.89,0.504,1.855,0.016,1.1531050417965432
2360.89,0.523,1.88,0.017,1.3836798249627291
2360.9,0.565,1.795,0.016,1.355455453067555
2360.91,0.59,1.896,0.016,1.1159811059765168
2360.91,0.557,1.725,0.019,1.4428837311423326
2360.92,0.551,1.741,0.015,1.3697708043053873
2360.92,0.533,1.601,0.019,1.4730203756408793
2360.92,0.586,1.628,0.016,1.2469775961864085
2360.93,0.584,1.742,0.019,1.1301263978654508
2360.93,0.584,1.8,0.016,1.2232882670352747
2360.93,0.581,1.879,0.017,1.3380868472202485
2360.95,0.526,1.939,0.015,1.2495697379831219
2360.95,0.563,1.519,0.015,1.0728635228001773
2360.95,0.573,1.715,0.018,1.2543497800783168
2360.95,0.576,1.529,0.019,1.0227714676587438
2360.96,0.538,1.808,0.018,1.4362466866980923
2360.97,0.507,1.761,0.018,1.2763179645603169
2360.99,0.592,1.627,0.015,1.4685803437289702
2360.99,0.589,1.685,0.015,1.4388754784161892
2360.99,0.581,1.598,0.017,1.407784838077328
2361.02,0.53,1.924,0.016,1.2335163315290663
2361.02,0.555,1.714,0.016,1.1818240030120002
2361.03,0.574,1.553,0.015,1.4703569748422611
2361.04,0.507,1.736,0.016,1.1435711278537888
2361.05,0.585,1.641,0.015,1.4566598396012989
2361.06,0.524,1.867,0.017,1.1380218295827733
2361.07,0.532,1.527,0.018,1.127174605923229
2361.07,0.538,1.772,0.015,1.0450256224518673
2361.09,0.541,1.824,0.017,1.4795279630469322
2361.11,0.561,1.791,0.018,1.1493351474146616
2361.11,0.524,1.639,0.018,1.3079619335821022
2361.12,0.53,1.539,0.019,1.1028738818762984
2361.12,0.518,1.654,0.015,1.3858951361553882
2361.12,0.558,1.556,0.018,1.3949104821665734
2361.12,0.552,1.536,0.019,1.069744882929656
2361.16,0.511,1.707,0.017,1.2377648471155407
2361.17,0.577,1.973,0.015,1.472923675085881
2361.17,0.581,1.87,0.018,1.3109232147184482
2361.18,0.571,1.84,0.019,1.3087888581537843
2361.19,0.571,1.731,0.017,1.4634577347158708
2361.19,0.529,1.974,0.019,1.3929276747469863
2361.23,0.53,1.54,0.015,1.105240260371037
2361.24,0.586,1.997,0.019,1.3815845790929795
2361.24,0.549,1.96,0.017,1.3627841834240484
2361.25,0.516,1.569,0.016,1.0003377597523802
2361.25,0.52,1.564,0.015,1.0803340319406722
2361.27,0.541,1.754,0.018,1.3513907112971246
2361.27,0.555,1.8,0.019,1.4523966997224
2361.27,0.536,1.869,0.016,1.0502189994713647
2361.29,0.501,1.599,0.016,1.3446102832722928
2361.29,0.573,1.649,0.018,1.2488885049646243
2361.32,0.545,1.954,0.017,1.1537112162594165
2361.34,0.508,1.897,0.019,1.4137231782225215
2361.34,0.565,1.994,0.019,1.3973285724886229
2361.35,0.5,1.586,0.016,1.2147256402363387
2361.36,0.593,1.692,0.015,1.1505793769832746
2361.37,0.532,1.881,0.016,1.142185640851044
2361.38,0.518,1.65,0.018,1.301964573113434
2361.38,0.522,1.942,0.015,1.3372156055931357
2361.39,0.572,1.876,0.017,1.0458874183144697
2361.39,0.519,1.538,0.019,1.1885680659256068
2361.39,0.539,1.902,0.018,1.0381659760836677
2361.4,0.553,1.949,0.019,1.1148683662160705
2361.41,0.519,1.931,0.015,1.1475409046964944
2361.42,0.543,1.68,0.017,1.183650529192616
2361.42,0.556,1.853,0.015,1.1957993271544147
2361.43,0.578,1.502,0.018,1.1037964518030439
2361.43,0.544,1.701,0.018,1.4554056868897245
2361.43,0.519,1.926,0.019,1.3733051601078348
2361.43,0.53,1.613,0.018,1.1331391066885916
2361.44,0.504,1.784,0.016,1.0216575382071396
2361.44,0.589,1.746,0.017,1.2315604474590913
2361.45,0.533,1.626,0.017,1.3953214388958863
2361.46,0.572,1.528,0.018,1.4139909182381165
2361.46,0.594,1.584,0.018,1.1181366655205656
2361.47,0.528,1.698,0.018,1.3604450245020634
2361.47,0.572,1.892,0.018,1.2491986968140683
2361.48,0.598,1.827,0.017,1.0774613504146229
2361.48,0.517,1.749,0.016,1.434157542111028
2361.5,0.517,1.61,0.015,1.31348717491009
2361.5,0.55,1.97,0.016,1.4999286381868273
2361.51,0.59,1.747,0.018,1.2434839090017276
2361.51,0.57,1.708,0.019,1.1722666847891106
2361.53,0.521,1.651,0.015,1.1165320689377105
2361.53,0.503,1.734,0.016,1.4155773236806866
2361.54,0.542,1.966,0.019,1.276517197220588
2361.55,0.57,1.561,0.018,1.1845929647661513
2361.56,0.545,1.856,0.015,1.4119961844646156
2361.56,0.515,1.758,0.016,1.3515343261637311
2361.57,0.532,1.718,0.018,1.495198137993887
2361.57,0.536,1.896,0.018,1.3051241585108904
2361.57,0.504,1.887,0.017,1.0242955198183594
2361.59,0.533,1.848,0.019,1.2359802389296204
2361.6,0.504,1.808,0.019,1.4844033632399125
2361.62,0.574,1.586,0.015,1.0670988259090524
2361.63,0.557,1.526,0.015,1.2266328990449635
2361.64,0.55,1.818,0.017,1.4186074110055846
2361.64,0.525,1.795,0.018,1.1748143248412444
2361.64,0.554,1.877,0.015,1.1559773761013452
2361.64,0.505,1.592,0.017,1.1889242239777325
2361.65,0.599,1.781,0.016,1.278980933097619
2361.66,0.54,1.739,0.016,1.0434421103229907
2361.67,0.544,1.563,0.015,1.3598656019948372
2361.68,0.502,1.666,0.016,1.1810780802997831
2361.68,0.568,1.944,0.017,1.152814237789332
2361.69,0.542,1.963,0.018,1.3126852415169075
2361.69,0.574,1.69,0.016,1.2391563434601267
2361.7,0.584,1.726,0.017,1.3872477447981388
2361.7,0.529,1.749,0.019,1.418472193148964
2361.7,0.565,1.548,0.017,1.2489986318352848
2361.7,0.574,1.873,0.017,1.1111271678623034
2361.71,0.585,1.942,0.016,1.4870707420820026
2361.72,0.55,1.505,0.019,1.2654487241555248
2361.73,0.548,1.743,0.019,1.2855350502463077
2361.73,0.516,1.621,0.016,1.0015589175952764
2361.73,0.588,1.792,0.019,1.3439556785717375
2361.74,0.577,1.918,0.015,1.2219323740869412
2361.74,0.532,1.592,0.019,1.2413062209828092
2361.76,0.577,1.824,0.016,1.4506414249381114
2361.78,0.548,1.774,0.018,1.0496946606064983
2361.79,0.521,1.671,0.016,1.2681883368973055
2361.8,0.586,1.958,0.018,1.118047987293625
2361.81,0.58,1.713,0.015,1.273405954325224
2361.82,0.524,1.539,0.018,1.3674272236921192
2361.83,0.52,1.951,0.017,1.2725752971463957
2361.83,0.57,1.591,0.016,1.4486512090573456
2361.83,0.592,1.566,0.019,1.3062493205572645
2361.84,0.56,1.752,0.017,1.1357490439418854
2361.84,0.54,1.709,0.019,1.3005223814295364
2361.84,0.553,1.917,0.017,1.1531768966308291
2361.84,0.559,1.612,0.016,1.005132525756307
2361.86,0.54,1.859,0.017,1.3870469606747016
2361.87,0.535,1.57,0.017,1.198493437274482
2361.88,0.573,1.604,0.016,1.382052894635302
2361.88,0.594,1.965,0.017,1.1784627170799609
2361.89,0.506,1.879,0.018,1.419430051485659
2361.9,0.525,1.647,0.017,1.1527166259358155
2361.9,0.533,1.644,0.019,1.0334234632478454
2361.92,0.545,1.843,0.017,1.3798822900897056
2361.93,0.593,1.917,0.018,1.328630213454924
2361.93,0.551,1.738,0.015,1.215686974749849
2361.94,0.529,1.715,0.016,1.095388755763725
2361.94,0.522,1.863,0.018,1.3111573641190635
2361.95,0.556,1.802,0.017,1.2256164356213342
2361.96,0.506,1.794,0.019,1.2457941338807985
2361.96,0.534,1.902,0.015,1.0981186107491938
2361.96,0.512,1.614,0.017,1.242405865727187
2361.96,0.569,1.937,0.017,1.0838159974708192
2361.98,0.513,1.618,0.017,1.2633897303986026
2361.99,0.559,1.668,0.017,1.2784614434229105
2361.99,0.553,1.693,0.016,1.160112969582124
2362.0,0.594,1.552,0.017,1.149897298188268
2362.0,0.544,1.693,0.015,1.4213576747444623
2362.01,0.55,1.688,0.015,1.2929236195938527
2362.02,0.548,1.535,0.015,1.0412422911582995
2362.07,0.521,1.678,0.019,1.1051807189547418
2362.07,0.551,1.517,0.019,1.1502227845695536
2362.07,0.55,1.667,0.018,1.375047108472961
2362.07,0.545,1.809,0.017,1.45821753936029
2362.08,0.547,1.826,0.019,1.3769267347283014
2362.08,0.525,1.506,0.019,1.3442199164553172
2362.09,0.569,1.972,0.015,1.3339738751097323
2362.1,0.541,1.959,0.019,1.4048538695533217
2362.14,0.596,1.966,0.019,1.4452169395776493
2362.15,0.553,1.781,0.018,1.0460049355776622
2362.17,0.565,1.725,0.017,1.194145387142218
2362.17,0.504,1.943,0.018,1.4720788657006187
2362.17,0.526,1.583,0.019,1.469676278821066
2362.19,0.599,1.594,0.016,1.1841016978073384
2362.2,0.574,1.951,0.018,1.1225835134399889
2362.2,0.558,1.633,0.019,1.1512378470919193
2362.21,0.561,1.949,0.016,1.1307412538197825
2362.22,0.551,1.662,0.018,1.0551257637312383
2362.24,0.575,1.918,0.015,1.3653575808596417
2362.24,0.554,1.94,0.016,1.0752433042421272
2362.24,0.567,1.919,0.018,1.0908776771750155
2362.24,0.558,1.848,0.016,1.0169681178223122
2362.24,0.545,1.646,0.019,1.1829134487547368
2362.25,0.509,1.564,0.019,1.2071722305595882
2362.25,0.596,1.975,0.018,1.3345999232194097
2362.25,0.585,1.941,0.019,1.1226931129450117
2362.26,0.577,1.611,0.019,1.2644047327435493
2362.26,0.52,1.745,0.017,1.2498043980769864
2362.28,0.558,1.707,0.017,1.0504479387322916
2362.28,0.53,1.939,0.019,1.3776881282379287
2362.29,0.591,1.782,0.016,1.1312969733799099
2362.29,0.569,1.833,0.017,1.4301691413513837
2362.3,0.587,1.832,0.018,1.0098376920947465
2362.3,0.56,1.749,0.019,1.4481493655230726
2362.31,0.54,1.701,0.018,1.288495611091153
2362.31,0.555,1.949,0.019,1.0432601174268998
2362.32,0.568,1.856,0.017,1.2238966349032698
2362.32,0.582,1.746,0.018,1.1589187768965483
2362.32,0.527,1.963,0.015,1.2871496613874436
2362.33,0.517,1.531,0.017,1.231437841075967
2362.33,0.545,1.535,0.019,1.01328887496422
2362.34,0.596,1.568,0.017,1.4379535864221453
2362.36,0.503,1.799,0.017,1.4549081169132605
2362.36,0.57,1.609,0.017,1.382591790034747
2362.37,0.5,1.601,0.015,1.433960328109932
2362.37,0.517,1.825,0.019,1.2158640042471212
2362.37,0.547,1.913,0.018,1.1328195559834855
2362.38,0.567,1.81,0.019,1.0610156526702545
2362.38,0.598,1.766,0.018,1.1130991997611228
2362.39,0.511,1.972,0.019,1.1734229353520205
2362.39,0.523,1.587,0.016,1.3034503243729434
2362.41,0.558,1.887,0.019,1.0453242987681821
2362.42,0.538,1.913,0.018,1.386322618523323
2362.43,0.582,1.698,0.018,1.1539551055713542
2362.43,0.51,1.542,0.016,1.4112684491262162
2362.44,0.532,1.914,0.016,1.3272312731774556
2362.45,0.562,1.511,0.015,1.061514395352392
2362.46,0.531,1.916,0.018,1.0798979679148315
2362.46,0.594,1.935,0.019,1.0970810309123604
2362.46,0.52,1.562,0.016,1.3164873405956932
2362.46,0.508,1.94,0.015,1.156474732644161
2362.47,0.582,1.82,0.019,1.453223758392411
2362.48,0.594,1.798,0.018,1.1285747020720691
2362.48,0.507,1.532,0.018,1.4001708415441718
2362.49,0.551,1.685,0.015,1.2223324215121387
2362.5,0.563,1.949,0.015,1.3122294823241658
2362.5,0.584,1.559,0.018,1.3047495856188096
2362.52,0.553,1.613,0.018,1.270758471664386
2362.54,0.506,1.654,0.017,1.185123047993487
2362.55,0.549,1.638,0.019,1.1240834054782476
2362.55,0.564,1.8,0.015,1.1678486050618322
2362.55,0.591,1.781,0.016,1.0421263598830626
2362.57,0.587,1.928,0.017,1.0827064901984524
2362.57,0.503,1.543,0.017,1.1702192901000106
2362.57,0.532,1.961,0.017,1.414163089903282
2362.58,0.594,1.949,0.016,1.2778537096225233
2362.59,0.571,1.959,0.015,1.4740608508396964
2362.6,0.511,1.538,0.018,1.3730398013178675
2362.6,0.589,1.552,0.019,1.469771377307758
2362.62,0.588,1.971,0.017,1.1505964184126933
2362.62,0.56,1.927,0.015,1.27267810669822
2362.62,0.538,1.922,0.018,1.296841964079127
2362.63,0.534,1.668,0.019,1.4241134201473116
2362.63,0.517,1.551,0.016,1.2397368044303834
2362.64,0.504,1.864,0.017,1.0788881900466092
2362.65,0.577,1.655,0.016,1.2577656927906835
2362.66,0.578,1.617,0.016,1.29264298915726
2362.66,0.534,1.859,0.019,1.3849542503991925
2362.66,0.579,1.65,0.017,1.0541448019786697
2362.67,0.582,1.594,0.018,1.1511388388874824
2362.67,0.584,1.701,0.018,1.186158959561227
2362.68,0.584,1.757,0.019,1.3160865917382367
2362.69,0.543,1.865,0.018,1.380829984806823
2362.71,0.582,1.502,0.019,1.3488391150781651
2362.73,0.544,1.962,0.015,1.0847710462424407
2362.75,0.593,1.843,0.015,1.0838877662877722
2362.76,0.562,1.673,0.016,1.160195278415764
2362.77,0.565,1.964,0.016,1.3947917773163185
2362.77,0.53,1.871,0.015,1.474120202750459
2362.78,0.557,1.806,0.017,1.4110876984585434
2362.78,0.564,1.945,0.017,1.3114142633462829
2362.78,0.507,1.884,0.018,1.4115112679492796
2362.78,0.592,1.795,0.017,1.0609116709250577
2362.79,0.503,1.865,0.018,1.2524861845229196
2362.8,0.549,1.916,0.015,1.2982973782009344
2362.8,0.575,1.562,0.019,1.1542039883214794
2362.8,0.526,1.695,0.019,1.2537820095290788
2362.81,0.528,1.555,0.016,1.2625819588756566
2362.82,0.575,1.962,0.019,1.0673901382397506
2362.83,0.539,1.872,0.015,1.2366530184880309
2362.83,0.537,1.623,0.016,1.0241475068967922
2362.85,0.52,1.944,0.015,1.0727770060492305
2362.85,0.529,1.647,0.016,1.066273239010341
2362.86,0.598,1.632,0.015,1.4768781603016579
2362.88,0.541,1.877,0.015,1.2387674277779155
2362.89,0.538,1.959,0.016,1.0736818985052492
2362.9,0.552,1.508,0.019,1.272570631604062
2362.91,0.557,1.793,0.016,1.2214853878975875
2362.92,0.542,1.623,0.015,1.1392532219293479
2362.92,0.539,1.647,0.016,1.4855980572074245
2362.93,0.545,1.528,0.016,1.3350149448591575
2362.93,0.507,1.716,0.016,1.1625702797120911
2362.96,0.596,1.95,0.015,1.2018829133205073
2362.99,0.595,1.617,0.018,1.200581367871166
2362.99,0.526,1.96,0.018,1.1994754927085403
2363.0,0.561,1.695,0.018,1.27406346396081
2363.01,0.527,1.913,0.018,1.1212494776086566
2363.02,0.554,1.961,0.016,1.2768055429095373
2363.03,0.595,1.859,0.016,1.0864456204697044
2363.03,0.502,1.993,0.017,1.4114981027442672
2363.04,0.53,1.866,0.018,1.1291133450642814
2363.04,0.545,1.588,0.016,1.0640679090268392
2363.05,0.565,1.557,0.019,1.2014755504526278
2363.06,0.55,1.577,0.019,1.477750922372358
2363.06,0.5,1.949,0.019,1.4143979790868815
2363.06,0.549,1.507,0.016,1.2637956984508047
2363.07,0.593,1.687,0.019,1.1860405289927396
2363.07,0.553,1.863,0.018,1.0535017837684613
2363.07,0.565,1.578,0.015,1.2668324901586403
2363.08,0.552,1.629,0.015,1.135559400230341
2363.09,0.579,1.676,0.015,1.404346703761351
2363.09,0.554,1.977,0.018,1.4948618447194986
2363.1,0.546,1.799,0.018,1.30870101091031
2363.11,0.573,1.945,0.018,1.1558918121485506
2363.12,0.503,1.745,0.019,1.1095821277714966
2363.12,0.584,1.781,0.019,1.1391901680785526
2363.13,0.525,1.825,0.018,1.1634335986587108
2363.13,0.569,1.656,0.016,1.1635791399868787
2363.14,0.565,1.842,0.017,1.4552773467608373
2363.15,0.592,1.747,0.019,1.4834272755075202
2363.15,0.532,1.669,0.016,1.3336520548971642
2363.16,0.579,1.595,0.019,1.4046856088793074
2363.16,0.591,1.698,0.015,1.4794473787406344
2363.18,0.522,1.906,0.018,1.0611807212736686
2363.19,0.501,1.516,0.018,1.4472650471516024
2363.19,0.509,1.967,0.016,1.398114487726352
2363.22,0.559,1.574,0.017,1.4338230510209446
2363.24,0.528,1.513,0.019,1.44073770804297
2363.24,0.59,1.731,0.018,1.092331750981072
2363.26,0.587,1.571,0.015,1.0437351351887316
2363.28,0.502,1.965,0.017,1.4252789483435058
2363.28,0.591,1.812,0.019,1.3112749345964196
2363.29,0.559,1.68,0.015,1.468307363954861
2363.29,0.565,1.542,0.018,1.0542510205420121
2363.3,0.542,1.647,0.016,1.0765265809675326
2363.31,0.594,1.749,0.016,1.1577606310942994
2363.32,0.555,1.715,0.016,1.230357715127941
2363.33,0.52,1.538,0.017,1.4005756774716658
2363.33,0.516,1.748,0.019,1.3001135201797887
2363.37,0.533,1.885,0.016,1.2654622086092668
2363.37,0.522,1.656,0.019,1.362544783541663
2363.38,0.501,1.514,0.015,1.151613322301175
2363.39,0.52,1.892,0.016,1.2910194308295344
2363.4,0.502,1.532,0.015,1.085962602864956
2363.4,0.535,1.567,0.016,1.3379082831491667
2363.4,0.56,1.503,0.015,1.0552510724420388
2363.41,0.565,1.664,0.019,1.0976073999763485
2363.41,0.513,1.915,0.015,1.0922610818856535
2363.42,0.568,1.883,0.019,1.1295793478506493
2363.43,0.558,1.986,0.015,1.0632103670745658
2363.44,0.591,1.618,0.016,1.1512006435288413
2363.45,0.567,1.794,0.018,1.0528013934102998
2363.46,0.532,1.84,0.016,1.0399584393947656
2363.46,0.504,1.946,0.016,1.2428151815788298
2363.47,0.543,1.507,0.018,1.256987297716611
2363.48,0.541,1.747,0.015,1.468431882345907
2363.48,0.552,1.934,0.018,1.3685812109909343
2363.49,0.534,1.852,0.018,1.4738063453785104
2363.49,0.554,1.588,0.016,1.0944701901152998
2363.51,0.539,1.899,0.019,1.4271764647093037
2363.52,0.582,1.725,0.016,1.4480266935757133
2363.52,0.537,1.701,0.019,1.041214098700893
2363.53,0.581,1.771,0.018,1.4120257693270568
2363.55,0.585,1.967,0.016,1.359355619619054
2363.56,0.576,1.988,0.018,1.2840538008471076
2363.56,0.568,1.949,0.018,1.2870159924728282
2363.56,0.522,1.727,0.017,1.4401437394951
2363.58,0.574,1.522,0.019,1.0960883029220088
2363.59,0.506,1.556,0.018,1.2581274877277955
2363.6,0.578,1.761,0.019,1.0429634033278337
2363.65,0.542,1.693,0.016,1.005770808964133
2363.66,0.541,1.621,0.016,1.4017878990548427
2363.66,0.557,1.872,0.019,1.2869697044749708
2363.67,0.532,1.999,0.019,1.3290982681655175
2363.67,0.546,1.746,0.017,1.1683328186999278
2363.67,0.598,1.777,0.017,1.2338374606947937
2363.67,0.544,1.681,0.016,1.0355870257170832
2363.69,0.501,1.808,0.016,1.2596481511635707
2363.71,0.532,1.607,0.019,1.1393262158461956
2363.71,0.584,1.895,0.019,1.0441940905080125
2363.72,0.575,1.971,0.019,1.130032584599968
2363.72,0.519,1.93,0.017,1.0638438477987666
2363.73,0.51,1.697,0.016,1.4144048545270231
2363.74,0.56,1.763,0.017,1.225097459844877
2363.74,0.586,1.604,0.017,1.2503801721368422
2363.74,0.546,1.637,0.017,1.1405699446385626
2363.75,0.585,1.773,0.016,1.259583529604532
2363.76,0.543,1.95,0.017,1.3783677802994794
2363.76,0.523,1.585,0.019,1.1488483866061183
2363.76,0.594,1.979,0.017,1.4332527572589215
2363.76,0.582,1.689,0.015,1.4490079913345837
2363.76,0.53,1.77,0.017,1.4902925080958094
2363.76,0.597,1.829,0.017,1.3019306269257818
2363.77,0.529,1.574,0.015,1.4435340138768522
2363.77,0.582,1.996,0.019,1.2629206104488961
2363.78,0.505,1.507,0.019,1.4153766289980978
2363.79,0.588,1.815,0.016,1.481724317475536
2363.81,0.515,1.934,0.017,1.2979111657011364
2363.81,0.529,1.654,0.017,1.2133153155492833
2363.81,0.561,1.832,0.017,1.2672882020666563
2363.81,0.532,1.872,0.018,1.2919208112360714
2363.82,0.502,1.989,0.017,1.4352796049796075
2363.82,0.575,1.754,0.016,1.0290417920604384
2363.83,0.5,1.673,0.019,1.0112402353120546
2363.85,0.556,1.969,0.017,1.1782556521313474
2363.86,0.525,1.788,0.018,1.0006346642345942
2363.86,0.527,1.564,0.015,1.1448341687139298
2363.86,0.571,1.511,0.017,1.3471737972651456
2363.88,0.534,1.507,0.016,1.4914659472814673
2363.88,0.563,1.599,0.017,1.184586270377442
2363.9,0.523,1.808,0.015,1.004343034688197
2363.9,0.572,1.833,0.017,1.4254962044538708
2363.9,0.543,1.86,0.015,1.415858368122092
2363.91,0.508,1.815,0.019,1.132066762699549
2363.92,0.547,1.683,0.018,1.003249439384697
2363.93,0.58,1.973,0.017,1.3674077438411807
2363.94,0.579,1.616,0.016,1.4468126189995756
2363.95,0.559,1.76,0.019,1.4471924713483728
2363.97,0.591,1.834,0.019,1.261478020213241
2363.97,0.556,1.763,0.017,1.1008187650343724
2363.98,0.56,1.963,0.019,1.4890746437405895
2363.98,0.523,1.989,0.016,1.05706156734411
2363.98,0.587,1.905,0.019,1.4122916514128283
2363.98,0.516,1.71,0.019,1.0286239019815542
2363.98,0.599,1.846,0.017,1.2881702206558514
2363.98,0.523,1.657,0.018,1.4899948909365979
2363.99,0.537,1.686,0.016,1.2718358506761516
2363.99,0.53,1.998,0.016,1.172373414694396
2363.99,0.595,1.633,0.015,1.2515358015594085
2364.0,0.511,1.559,0.016,1.1256071504563014
2364.0,0.527,1.534,0.016,1.1138115388735639
2364.02,0.576,1.512,0.016,1.3944432040366568
2364.03,0.522,1.869,0.018,1.2206056940877963
2364.05,0.539,1.923,0.017,1.014781252318671
2364.06,0.56,1.691,0.015,1.2816309499745848
2364.08,0.538,1.524,0.015,1.072301988071476
2364.08,0.522,1.888,0.017,1.0997737161776084
2364.12,0.567,1.89,0.015,1.2792883883898707
2364.13,0.536,1.706,0.016,1.489418375573336
2364.14,0.501,1.94,0.018,1.0364557487377943
2364.14,0.594,1.517,0.018,1.492480389022696
2364.15,0.568,1.829,0.018,1.2859670586859249
2364.17,0.522,1.783,0.017,1.2085361889597694
2364.17,0.502,1.569,0.019,1.044877107288432
2364.17,0.561,1.59,0.015,1.067921287041047
2364.17,0.52,1.961,0.015,1.3236990087543057
2364.18,0.562,1.792,0.015,1.352078368812414
2364.19,0.559,1.794,0.019,1.454546479413417
2364.19,0.561,1.578,0.015,1.4540413848701932
2364.2,0.533,1.632,0.018,1.1437701783151382
2364.21,0.539,1.525,0.016,1.4106727695480845
2364.22,0.556,1.516,0.019,1.3546868003737134
2364.23,0.577,1.721,0.019,1.2530741925031235
2364.23,0.547,1.5,0.016,1.001398374645395
2364.24,0.539,1.942,0.019,1.3845970885081944
2364.24,0.519,1.763,0.017,1.1525284476432993
2364.26,0.5,1.809,0.016,1.411975171688644
2364.26,0.573,1.972,0.015,1.1235015715441576
2364.27,0.515,1.563,0.016,1.4198725389618443
2364.28,0.591,1.848,0.016,1.191092609056169
2364.28,0.523,1.962,0.017,1.1971476141653878
2364.28,0.53,1.79,0.016,1.1028287710522675
2364.28,0.594,1.968,0.016,1.458092957988319
2364.29,0.547,1.521,0.015,1.4650510066326192
2364.33,0.568,1.546,0.016,1.033838885412995
2364.33,0.538,1.668,0.015,1.2955274101078254
2364.33,0.563,1.676,0.016,1.1209842243557027
2364.34,0.531,1.868,0.018,1.4570646438070889
2364.34,0.583,1.821,0.019,1.2972712718715784
2364.35,0.514,1.632,0.019,1.0075292528912387
2364.35,0.571,1.767,0.015,1.2500989284801323
2364.35,0.514,1.963,0.015,1.3092818947518574
2364.36,0.57,1.637,0.018,1.067332625907379
2364.37,0.519,1.822,0.017,1.4533517972789802
2364.37,0.522,1.918,0.017,1.0311077557913249
2364.39,0.565,1.807,0.018,1.1672240988546467
2364.4,0.528,1.539,0.016,1.2024531790219186
2364.41,0.541,1.75,0.018,1.1616221923908636
2364.42,0.524,1.522,0.018,1.2950003348967698
2364.43,0.58,1.719,0.017,1.1522382243146936
2364.43,0.518,1.824,0.017,1.1689459612969544
2364.44,0.534,1.684,0.018,1.3495244384441971
2364.44,0.541,1.625,0.016,1.4122830871691587
2364.44,0.559,1.857,0.019,1.2608439185024336
2364.45,0.544,1.913,0.016,1.135508681381976
2364.45,0.547,1.733,0.015,1.3660067921728576
2364.45,0.558,1.686,0.015,1.0140574732206986
2364.45,0.567,1.506,0.018,1.2510683918682992
2364.47,0.551,1.837,0.015,1.4104027375765438
2364.49,0.529,1.962,0.019,1.4098133297382942
2364.5,0.553,1.766,0.015,1.2728879340048866
2364.51,0.583,1.849,0.017,1.4944112588857719
2364.52,0.512,1.629,0.019,1.3704244615247256
2364.53,0.539,1.605,0.019,1.0905478908904462
2364.53,0.508,1.999,0.019,1.3041471771122515
2364.53,0.592,1.524,0.017,1.2356911674756352
2364.55,0.598,1.675,0.017,1.1626198670752612
2364.56,0.516,1.819,0.017,1.409184222240268
2364.57,0.596,1.605,0.015,1.0858184881082384
2364.58,0.59,1.878,0.016,1.0480357306017147
2364.6,0.502,1.533,0.015,1.3877219362555535
2364.6,0.558,1.833,0.015,1.2753521965720116
2364.62,0.568,1.642,0.015,1.3019556322030792
2364.63,0.539,1.817,0.015,1.053081307234736
2364.63,0.548,1.824,0.017,1.165579935202089
2364.63,0.524,1.52,0.015,1.0877126642901598
2364.64,0.503,1.783,0.017,1.4771703727578172
2364.66,0.513,1.705,0.015,1.3834742495910248
2364.66,0.589,1.786,0.017,1.3877100693295183
2364.66,0.529,1.933,0.017,1.427853495093006
2364.66,0.577,1.754,0.018,1.1362908607057445
2364.67,0.588,1.589,0.016,1.0293366849912455
2364.67,0.519,1.517,0.017,1.1609246958508754
2364.68,0.551,1.522,0.016,1.3355765030961655
2364.69,0.518,1.598,0.017,1.0263903472343265
2364.71,0.58,1.858,0.016,1.1250927944202118
2364.71,0.544,1.534,0.016,1.2342425552503251
2364.72,0.589,1.964,0.019,1.3838209938230184
2364.72,0.553,1.865,0.016,1.3297147547497525
2364.72,0.503,1.979,0.016,1.4532497803552529
2364.73,0.508,1.638,0.016,1.0300245854171175
2364.74,0.554,1.704,0.017,1.1813330236684139
2364.74,0.534,1.679,0.019,1.356429907431167
2364.74,0.577,1.864,0.019,1.1600484780924596
2364.74,0.562,1.916,0.018,1.1252834982419162
2364.75,0.599,1.749,0.017,1.4583700614611999
2364.76,0.553,1.72,0.015,1.1479265018036822
2364.76,0.558,1.693,0.019,1.4053021101011174
2364.76,0.515,1.785,0.017,1.2630800897070795
2364.77,0.542,1.963,0.018,1.3224917073416593
2364.78,0.5,1.806,0.017,1.3747423887207795
2364.78,0.557,1.541,0.018,1.2998536693093479
2364.79,0.545,1.746,0.016,1.2844656345931187
2364.79,0.594,1.592,0.016,1.3378437549923603
2364.79,0.509,1.897,0.019,1.3795171616204556
2364.8,0.5,1.555,0.017,1.4797728282215217
2364.8,0.596,1.856,0.018,1.4110819549768325
2364.82,0.542,1.812,0.019,1.3341669385749741
2364.82,0.569,1.566,0.016,1.4040090916079564
2364.82,0.539,1.641,0.017,1.4876147574496639
2364.82,0.566,1.622,0.019,1.4646190115959583
2364.82,0.559,1.713,0.017,1.0983111016827722
2364.83,0.555,1.788,0.015,1.203336246664979
2364.85,0.584,1.907,0.015,1.2897745244885241
2364.86,0.588,1.857,0.019,1.1516903351673076
2364.87,0.517,1.98,0.018,1.2530689800936352
2364.88,0.596,1.956,0.019,1.0741927193754122
2364.9,0.546,1.542,0.018,1.2640434433450183
2364.9,0.516,1.581,0.015,1.0066603309750626
2364.91,0.538,1.665,0.016,1.386520129461011
2364.91,0.544,1.822,0.017,1.1948472223401314
2364.92,0.527,1.542,0.015,1.2463885188338673
2364.92,0.553,1.658,0.015,1.4756946962343098
2364.93,0.531,1.701,0.019,1.1204519215172386
2364.95,0.525,1.686,0.017,1.3499851285824287
2364.96,0.572,1.501,0.018,1.2864157577069402
2364.97,0.51,1.636,0.019,1.2809237316704631
2364.98,0.54,1.893,0.019,1.0895880063123158
2364.98,0.524,1.562,0.017,1.2301324876790438
2365.0,0.505,1.692,0.016,1.3477126923874065
2365.01,0.584,1.584,0.017,1.229945211989391
2365.02,0.519,1.639,0.017,1.3045551739616155
2365.04,0.549,1.733,0.016,1.3724356022635908
2365.07,0.587,1.526,0.018,1.041603315591437
2365.07,0.513,1.631,0.015,1.1358255817586433
2365.09,0.505,1.844,0.018,1.1253744324998323
2365.09,0.579,1.812,0.017,1.3076220721715104
2365.1,0.578,1.762,0.017,1.426379407790439
2365.12,0.528,1.608,0.018,1.2672629789726357
2365.12,0.535,1.835,0.018,1.130699745633208
2365.12,0.549,1.733,0.017,1.2987342452465596
2365.12,0.53,1.734,0.018,1.0632849237988533
2365.15,0.579,1.632,0.016,1.4931686190957885
2365.15,0.506,1.816,0.016,1.2797884661680987
2365.15,0.596,1.749,0.016,1.2651490466748565
2365.16,0.507,1.882,0.017,1.036537701369947
2365.16,0.564,1.637,0.017,1.3691412950003825
2365.17,0.515,1.85,0.016,1.331128274454536
2365.18,0.545,1.562,0.016,1.1528229560109327
2365.19,0.597,1.813,0.018,1.393105715482912
2365.19,0.57,1.954,0.017,1.2351471178049747
2365.2,0.563,1.758,0.016,1.2031872027975226
2365.2,0.519,1.879,0.015,1.1234190774770705
2365.24,0.533,1.902,0.017,1.1259232864049795
2365.26,0.576,1.828,0.018,1.0812171845050904
2365.28,0.519,1.592,0.017,1.2743041008562708
2365.28,0.578,1.734,0.016,1.3520028445914967
2365.29,0.554,1.593,0.015,1.3592337070538107
2365.29,0.543,1.917,0.019,1.3250283597967443
2365.29,0.526,1.723,0.018,1.4016009234547893
2365.31,0.534,1.795,0.016,1.4126085288555226
2365.31,0.542,1.66,0.018,1.2885769013668638
2365.31,0.526,1.958,0.019,1.1585618444743022
2365.32,0.523,1.647,0.015,1.452089307818746
2365.33,0.556,1.577,0.017,1.2766322541518358
2365.33,0.527,1.731,0.018,1.1187059298283415
2365.33,0.577,1.531,0.018,1.2757124033839717
2365.33,0.545,1.817,0.016,1.2029987987842938
2365.34,0.581,1.568,0.018,1.3313833276134046
2365.36,0.597,1.867,0.019,1.175961617769985
2365.37,0.541,1.963,0.018,1.2176805166986215
2365.37,0.511,1.761,0.016,1.1597470740651967
2365.4,0.584,1.821,0.015,1.073482761765359
2365.41,0.542,1.592,0.016,1.24762051435737
2365.41,0.51,1.905,0.015,1.1611803659411128
2365.42,0.518,1.62,0.016,1.1830130315506766
2365.42,0.555,1.864,0.016,1.2041778430954286
2365.44,0.58,1.781,0.016,1.2641164921884727
2365.45,0.509,1.833,0.016,1.0957992536715102
2365.45,0.509,1.659,0.018,1.1678145863036968
2365.46,0.573,1.561,0.017,1.032950828292437
2365.47,0.555,1.594,0.016,1.0971509191620608
2365.47,0.521,1.932,0.017,1.0236630660667294
2365.47,0.557,1.754,0.018,1.1872568189448551
2365.47,0.593,1.627,0.019,1.0523285145601764
2365.48,0.506,1.885,0.019,1.4591191125989158
2365.49,0.58,1.697,0.016,1.2236166260367538
2365.49,0.583,1.678,0.015,1.0604032578921632
2365.49,0.533,1.991,0.019,1.3494798776980343
2365.5,0.598,1.982,0.016,1.4512467774583073
2365.51,0.571,1.548,0.017,1.2647056879144356
2365.53,0.53,1.971,0.017,1.4070071711670016
2365.53,0.59,1.726,0.019,1.0462043832352703
2365.55,0.544,1.681,0.019,1.279412069062584
2365.56,0.591,1.532,0.017,1.044709738781271
2365.57,0.517,1.576,0.018,1.395211468340777
2365.57,0.502,1.599,0.015,1.3131956313903625
2365.58,0.594,1.972,0.018,1.0542415270682328
2365.58,0.59,1.595,0.017,1.056952012873137
2365.58,0.574,1.89,0.019,1.4204754573475686
2365.59,0.519,1.794,0.019,1.063308589839543
2365.6,0.519,1.617,0.015,1.401079647974876
2365.63,0.569,1.864,0.018,1.1005569907972452
2365.63,0.56,1.667,0.019,1.4226235765984827
2365.64,0.583,1.703,0.019,1.4584829390265435
2365.64,0.568,1.816,0.016,1.4405520984659745
2365.64,0.523,1.793,0.017,1.3985118193370212
2365.64,0.575,1.909,0.016,1.2925400140607197
2365.65,0.582,1.776,0.018,1.3897099862754736
2365.65,0.548,1.956,0.019,1.1739743774768459
2365.65,0.55,1.534,0.018,1.0759341467488053
2365.65,0.554,1.845,0.017,1.308932743694979
2365.66,0.521,1.848,0.015,1.1979927825802885
2365.66,0.56,1.855,0.015,1.290925677791109
2365.67,0.593,1.907,0.016,1.0012867759359758
2365.67,0.592,1.501,0.018,1.159406075612611
2365.67,0.526,1.984,0.017,1.1393045106858015
2365.68,0.584,1.847,0.017,1.0755227806909515
2365.68,0.521,1.777,0.019,1.2808581163438315
2365.68,0.573,1.996,0.019,1.4675084588495468
2365.71,0.5,1.895,0.015,1.003208678426937
2365.73,0.516,1.853,0.015,1.0132007180621885
2365.75,0.522,1.966,0.015,1.0896856393925494
2365.75,0.558,1.905,0.019,1.1939872229852737
2365.76,0.535,1.764,0.018,1.0923191994233865
2365.76,0.597,1.692,0.015,1.2476028936215602
2365.77,0.561,1.972,0.017,1.0588380872725935
2365.77,0.546,1.68,0.019,1.1967591258799337
2365.77,0.575,1.657,0.015,1.2395923006745484
2365.78,0.59,1.969,0.015,1.1967046972452593
2365.79,0.564,1.506,0.016,1.1154314781910837
2365.8,0.546,1.865,0.015,1.479697828631521
2365.82,0.546,1.628,0.016,1.4966655946051668
2365.82,0.547,1.892,0.018,1.2471231913740881
2365.82,0.522,1.64,0.016,1.3782040819402506
2365.83,0.503,1.819,0.017,1.013700784438324
2365.84,0.575,1.741,0.017,1.4474259008319454
2365.85,0.534,1.74,0.019,1.2519193080086555
2365.87,0.556,1.538,0.019,1.3908408092507136
2365.87,0.594,1.501,0.019,1.011542952332164
2365.88,0.561,1.785,0.015,1.060411300607118
2365.88,0.541,1.819,0.017,1.1302293761738642
2365.88,0.52,1.799,0.018,1.3634815760542847
2365.89,0.56,1.826,0.017,1.1826681707905335
2365.9,0.573,1.791,0.019,1.0380283601953553
2365.9,0.516,1.872,0.018,1.4561939750584516
2365.91,0.59,1.626,0.019,1.3567648122933553
2365.92,0.554,1.657,0.018,1.1794721764711569
2365.93,0.522,1.598,0.015,1.0542357209924291
2365.94,0.589,1.825,0.016,1.2918221588419687
2365.95,0.525,1.883,0.017,1.0290700343038324
2365.96,0.55,1.869,0.018,1.3268548067395332
2365.96,0.584,1.516,0.016,1.0614162204455027
2365.96,0.558,1.93,0.016,1.0028202190162523
2365.98,0.582,1.893,0.017,1.4459413727050614
2365.98,0.526,1.974,0.017,1.337070115595061
2365.98,0.58,1.977,0.016,1.3461114440921997
2365.98,0.517,1.546,0.018,1.0386025199685274
2366.0,0.555,1.697,0.015,1.2609773811735707
2366.01,0.598,1.576,0.019,1.3776103736804768
2366.02,0.567,1.579,0.016,1.2647040760659845
2366.03,0.502,1.979,0.018,1.0613377960124637
2366.04,0.538,1.556,0.019,1.4280887066823778
2366.04,0.514,1.932,0.015,1.047039955366261
2366.04,0.598,1.797,0.017,1.039246614007634
2366.05,0.594,1.717,0.019,1.0556261108445848
2366.06,0.537,1.854,0.018,1.004180001887446
2366.08,0.526,1.579,0.019,1.0677203857603883
2366.08,0.55,1.71,0.016,1.3893155928966308
2366.09,0.592,1.605,0.018,1.1755388631143786
2366.09,0.554,1.931,0.016,1.0481149022798253
2366.1,0.546,1.699,0.016,1.0840036216368025
2366.1,0.503,1.722,0.017,1.0326764622222204
2366.11,0.512,1.501,0.018,1.015913242083454
2366.11,0.51,1.847,0.015,1.026125630963159
2366.13,0.53,1.62,0.019,1.2112331730717896
2366.13,0.561,1.733,0.018,1.01242724876087
2366.13,0.593,1.629,0.015,1.2305462759178947
2366.14,0.547,1.669,0.019,1.0845570455607876
2366.14,0.59,1.675,0.015,1.2304968287399738
2366.14,0.51,1.607,0.016,1.1200430324003112
2366.17,0.591,1.667,0.018,1.1495636227395307
2366.17,0.588,1.712,0.015,1.2637227465910306
2366.18,0.505,1.878,0.017,1.0485617465588941
2366.19,0.521,1.852,0.018,1.2124178574961881
2366.19,0.514,1.81,0.017,1.4789910594277988
2366.19,0.589,1.915,0.016,1.0715201193526664
2366.21,0.534,1.759,0.019,1.2245052098306213
2366.22,0.511,1.694,0.019,1.3009515701415868
2366.24,0.586,1.634,0.016,1.0379470513619458
2366.24,0.526,1.581,0.017,1.4647654483137855
2366.25,0.575,1.717,0.018,1.235954574482717
2366.26,0.563,1.643,0.016,1.1363535524682766
2366.26,0.586,1.98,0.015,1.1500289838937952
2366.26,0.54,1.961,0.016,1.128280917179761
2366.27,0.57,1.903,0.018,1.2278493884209083
2366.27,0.52,1.643,0.015,1.2831462715417858
2366.27,0.551,1.62,0.019,1.1491865501984968
2366.28,0.586,1.721,0.016,1.185206040469057
2366.29,0.541,1.8,0.016,1.298735798653163
2366.29,0.501,1.768,0.018,1.3479945233808293
2366.3,0.525,1.506,0.016,1.3708911869103166
2366.3,0.573,1.819,0.019,1.490147938038945
2366.31,0.579,1.864,0.018,1.3057287991117916
2366.31,0.504,1.636,0.015,1.0198320172360285
2366.31,0.562,1.57,0.016,1.1050557334395092
2366.32,0.514,1.873,0.015,1.1482751080899156
2366.32,0.588,1.88,0.019,1.2846069235157314
2366.33,0.567,1.78,0.017,1.3593210972757839
2366.34,0.526,1.958,0.016,1.3201318763611698
2366.35,0.525,1.982,0.015,1.3427942563824746
2366.36,0.591,1.984,0.019,1.194254187163933
2366.37,0.575,1.827,0.016,1.3961368559337073
2366.39,0.548,1.842,0.015,1.1226748260732837
2366.39,0.582,1.69,0.018,1.4849077091399896
2366.4,0.503,1.705,0.015,1.0381354457586682
2366.4,0.55,1.685,0.016,1.347010824032734
2366.41,0.559,1.811,0.019,1.0405026297258082
2366.42,0.555,1.606,0.016,1.2870096403662146
2366.42,0.524,1.79,0.017,1.3205641587956416
2366.42,0.553,1.78,0.017,1.156463104824278
2366.42,0.531,1.576,0.016,1.3728024847948086
2366.43,0.538,1.551,0.015,1.18633918534106
2366.44,0.528,1.626,0.015,1.3239328970476016
2366.47,0.561,1.985,0.019,1.1670832744604622
2366.48,0.585,1.821,0.015,1.0325380161040736
2366.48,0.574,1.926,0.019,1.2009659677534954
2366.5,0.541,1.546,0.016,1.2380248097224638
2366.5,0.556,1.868,0.016,1.4206185169232202
2366.51,0.584,1.945,0.019,1.4491716761312405
2366.52,0.564,1.835,0.017,1.3351703311136656
2366.52,0.582,1.855,0.017,1.4876716264243317
2366.52,0.564,1.619,0.018,1.4065160893502988
2366.53,0.526,1.64,0.017,1.3270143299410941
2366.54,0.52,1.963,0.019,1.022344058811834
2366.54,0.578,1.93,0.019,1.102863649110656
2366.56,0.586,1.503,0.018,1.2634218201563212
2366.56,0.599,1.947,0.016,1.454636310084126
2366.59,0.541,1.832,0.016,1.097802259072978
2366.59,0.593,1.728,0.015,1.349627452134411
2366.59,0.597,1.711,0.017,1.2195400173773459
2366.6,0.582,1.721,0.019,1.440911848999344
2366.61,0.549,1.822,0.016,1.054280587851705
2366.63,0.573,1.808,0.018,1.3766101737381409
2366.64,0.519,1.603,0.018,1.3684490434311072
2366.65,0.543,1.592,0.018,1.0105541518533132
2366.66,0.512,1.78,0.016,1.0558367341303656
2366.68,0.559,1.978,0.017,1.438141958971728
2366.69,0.519,1.575,0.019,1.24243066046688
2366.7,0.539,1.553,0.018,1.213196270460184
2366.71,0.511,1.549,0.019,1.1247718674262956
2366.72,0.555,1.953,0.017,1.0817397257002088
2366.72,0.561,1.863,0.018,1.011162248887013
2366.72,0.599,1.95,0.018,1.1999260757979042
2366.72,0.533,1.637,0.016,1.3106260692882423
2366.73,0.556,1.947,0.015,1.3029284024826842
2366.74,0.593,1.697,0.019,1.360053683765235
2366.74,0.532,1.857,0.018,1.491045830482662
2366.75,0.526,1.537,0.016,1.454411771823552
2366.77,0.527,1.549,0.017,1.243992306494789
2366.77,0.556,1.938,0.015,1.3220538713804952
2366.78,0.545,1.711,0.019,1.1057395925418514
2366.8,0.505,1.573,0.019,1.1911440768101995
2366.8,0.583,1.944,0.018,1.1644098888728607
2366.81,0.579,1.55,0.019,1.062657318571053
2366.81,0.507,1.99,0.019,1.4082118031165611
2366.81,0.579,1.695,0.017,1.1063768451057183
2366.81,0.521,1.869,0.017,1.2433009816590843
2366.82,0.53,1.787,0.018,1.0577358825254914
2366.82,0.53,1.774,0.018,1.1057990409198388
2366.83,0.539,1.528,0.017,1.281024628887031
2366.83,0.593,1.967,0.016,1.1650198465539765
2366.83,0.565,1.955,0.017,1.4471552087379058
2366.84,0.527,1.577,0.018,1.1869086329217442
2366.84,0.52,1.719,0.016,1.194588068398025
2366.84,0.507,1.882,0.016,1.0220841562174585
2366.85,0.553,1.577,0.017,1.2986287532031353
2366.85,0.592,1.567,0.018,1.16875602107967
2366.86,0.581,1.945,0.015,1.18169003553383
2366.86,0.524,1.798,0.015,1.0661655176851363
2366.87,0.523,1.986,0.018,1.3377111020244417
2366.89,0.547,1.628,0.017,1.2039338943538271
2366.89,0.556,1.928,0.016,1.2853073927376415
2366.89,0.501,1.592,0.015,1.457159068941397
2366.89,0.525,1.563,0.019,1.0112979888217204
2366.89,0.505,1.752,0.017,1.212342160664504
2366.9,0.537,1.702,0.016,1.1457773932712612
2366.91,0.539,1.757,0.019,1.333523320530117
2366.91,0.546,1.507,0.019,1.419862509035803
2366.92,0.509,1.573,0.015,1.4748623804675407
2366.92,0.58,1.747,0.015,1.3979335554660997
2366.93,0.59,1.516,0.015,1.026689900658003
2366.93,0.522,1.506,0.016,1.2875288370779123
2366.93,0.552,1.708,0.015,1.1380905816535074
2366.93,0.554,1.748,0.018,1.141568885963865
2366.97,0.509,1.881,0.017,1.4235922049824081
2366.97,0.534,1.741,0.016,1.0745894432788883
2366.98,0.553,1.687,0.015,1.0590762084915186
2366.98,0.585,1.555,0.019,1.4392260997799853
2366.99,0.588,1.694,0.016,1.2214526918789415
2367.0,0.514,1.834,0.016,1.1157335574943361
2367.0,0.595,1.716,0.018,1.2452869390322676
2367.01,0.526,1.888,0.016,1.2628389463065837
2367.02,0.564,1.712,0.015,1.0284279541964199
2367.02,0.515,1.941,0.016,1.2515759220500149
2367.03,0.517,1.519,0.019,1.2046709695015632
2367.03,0.513,1.852,0.018,1.2273963050755772
2367.04,0.545,1.873,0.015,1.242796906978707
2367.04,0.58,1.973,0.016,1.2239371442954643
2367.05,0.5,1.798,0.015,1.2150743253241767
2367.06,0.582,1.938,0.017,1.1976450841769068
2367.08,0.588,1.813,0.015,1.0573273965367411
2367.09,0.543,1.611,0.019,1.2207635323956947
2367.09,0.539,1.59,0.019,1.1605955875176746
2367.1,0.581,1.677,0.019,1.1989042053638974
2367.1,0.542,1.836,0.015,1.1585226681201803
2367.11,0.553,1.792,0.019,1.2054628281695012
2367.13,0.521,1.652,0.015,1.3491591840770258
2367.13,0.57,1.782,0.017,1.4859298128899765
2367.13,0.528,1.83,0.016,1.3026454342079175
2367.13,0.593,1.635,0.015,1.226915346038182
2367.15,0.552,1.978,0.017,1.4724097170981496
2367.15,0.524,1.89,0.018,1.232818600846985
2367.16,0.535,1.863,0.016,1.2415428296771254
2367.17,0.563,1.733,0.016,1.3484956148599938
2367.18,0.502,1.902,0.019,1.1711215020698806
2367.2,0.547,1.808,0.019,1.015012419523634
2367.21,0.527,1.653,0.017,1.2756357918476104
2367.21,0.569,1.632,0.016,1.0226479612935009
2367.22,0.592,1.61,0.017,1.1463317430593414
2367.22,0.512,1.584,0.018,1.2476580615970168
2367.22,0.598,1.58,0.015,1.351824112579381
2367.23,0.596,1.621,0.015,1.3920011735066422
2367.24,0.582,1.677,0.019,1.3238708963796508
2367.24,0.517,1.697,0.018,1.3815935985596222
2367.25,0.522,1.943,0.017,1.4678507194964667
2367.26,0.533,1.588,0.016,1.4228394136175646
2367.27,0.572,1.736,0.019,1.2052752722453168
2367.28,0.5,1.986,0.019,1.2855665629347923
2367.28,0.524,1.927,0.016,1.218681469021605
2367.28,0.512,1.672,0.018,1.4024980790507748
2367.29,0.548,1.79,0.017,1.1236308049212373
2367.32,0.564,1.805,0.016,1.4653428881244872
2367.32,0.558,1.712,0.016,1.46224218962423
2367.33,0.592,1.82,0.016,1.4404308349606598
2367.34,0.569,1.541,0.018,1.095150822774144
2367.34,0.55,1.973,0.016,1.176307879414786
2367.34,0.557,1.842,0.018,1.3594241499661628
2367.35,0.501,1.851,0.015,1.0315801029538283
2367.37,0.591,1.524,0.015,1.1428895824945007
2367.37,0.52,1.627,0.017,1.3131378265231979
2367.38,0.591,1.725,0.018,1.1318252801020456
2367.38,0.529,1.652,0.016,1.3985357708796546
2367.39,0.596,1.972,0.018,1.363622605810201
2367.4,0.577,1.604,0.018,1.2964071865266569
2367.4,0.598,1.741,0.018,1.176102119661739
2367.4,0.583,1.586,0.017,1.1680175824441241
2367.41,0.568,1.586,0.018,1.4653562234374253
2367.41,0.59,1.587,0.015,1.3498954493059592
2367.42,0.561,1.76,0.015,1.3633680792086131
2367.42,0.589,1.819,0.019,1.3185754837979098
2367.43,0.597,1.581,0.016,1.2046882011423956
2367.44,0.539,1.562,0.016,1.4049445985030136
2367.44,0.571,1.962,0.017,1.3478251875884353
2367.47,0.538,1.955,0.015,1.2887259988418978
2367.48,0.55,1.904,0.017,1.4178444855952341
2367.49,0.528,1.59,0.018,1.280255454888005
2367.52,0.52,1.971,0.018,1.198882871028179
2367.54,0.547,1.598,0.018,1.0872845746365178
2367.54,0.502,1.978,0.017,1.49405577122104
2367.55,0.558,1.968,0.019,1.4585343307720335
2367.55,0.557,1.659,0.017,1.0407837881516024
2367.55,0.509,1.721,0.019,1.3754615312750693
2367.57,0.559,1.655,0.017,1.3937943021423695
2367.57,0.581,1.925,0.017,1.1958436922651807
2367.58,0.548,1.734,0.018,1.350653562483631
2367.59,0.566,1.918,0.018,1.4356358797126423
2367.59,0.54,1.81,0.019,1.114431155213951
2367.59,0.505,1.735,0.015,1.1801497741218663
2367.6,0.526,1.828,0.018,1.401055081630497
2367.6,0.577,1.638,0.016,1.1343939404733807
2367.62,0.576,1.644,0.015,1.3308179328657777
2367.62,0.596,1.796,0.015,1.1455233110767429
2367.63,0.572,1.707,0.015,1.3688909896345185
2367.63,0.563,1.509,0.019,1.2548828135119654
2367.63,0.527,1.65,0.015,1.1048258426439501
2367.64,0.516,1.697,0.019,1.4411972725629236
2367.65,0.566,1.704,0.018,1.134245671407959
2367.66,0.582,1.9,0.017,1.44813561917954
2367.66,0.593,1.849,0.018,1.1844999985357803
2367.67,0.56,1.671,0.018,1.4603319943364035
2367.67,0.593,1.954,0.018,1.2820466741668004
2367.68,0.561,1.991,0.016,1.414649986188464
2367.69,0.505,1.936,0.019,1.4581833757570875
2367.71,0.503,1.751,0.019,1.0143398702076432
2367.72,0.538,1.985,0.016,1.2266143207090223
2367.73,0.513,1.95,0.016,1.124948708847416
2367.75,0.536,1.832,0.019,1.009244512759838
2367.76,0.508,1.802,0.017,1.3601448226057014
2367.77,0.561,1.592,0.018,1.174816839474875
2367.77,0.565,1.974,0.016,1.0665390693434076
2367.78,0.594,1.629,0.017,1.4663591570022767
2367.78,0.53,1.813,0.018,1.3916200930779388
2367.79,0.565,1.505,0.017,1.3832004685573203
2367.79,0.599,1.924,0.016,1.3254140124749243
2367.8,0.545,1.841,0.019,1.2611386149775996
2367.81,0.508,1.963,0.015,1.0389168594664098
2367.81,0.563,1.844,0.015,1.085220480416045
2367.83,0.574,1.815,0.016,1.1680044184523464
2367.83,0.594,1.648,0.018,1.4950561658454606
2367.83,0.521,1.941,0.015,1.4923324753817528
2367.84,0.525,1.919,0.016,1.2556950776610587
2367.85,0.524,1.986,0.017,1.2331912984441389
2367.85,0.543,1.808,0.019,1.3567482901956596
2367.85,0.561,1.737,0.017,1.421520986444124
2367.85,0.51,1.989,0.018,1.368035264026211
2367.87,0.579,1.828,0.015,1.4865587713655715
2367.87,0.594,1.912,0.016,1.0699823012488132
2367.88,0.574,1.555,0.015,1.4064587532752244
2367.88,0.526,1.639,0.016,1.3372008549308856
2367.89,0.526,1.843,0.019,1.2851289511719974
2367.89,0.51,1.657,0.015,1.019864069131105
2367.9,0.54,1.533,0.016,1.1210184743001423
2367.91,0.592,1.718,0.016,1.2311553523987162
2367.92,0.537,1.621,0.017,1.1344966669693584
2367.92,0.538,1.502,0.017,1.2761578089474512
2367.93,0.523,1.777,0.019,1.3843428876427635
2367.94,0.551,1.781,0.018,1.3112946106375913
2367.94,0.587,1.933,0.016,1.1593078713073757
2367.95,0.541,1.55,0.015,1.4132189279178733
2367.95,0.512,1.52,0.015,1.0992802793727972
2367.96,0.501,1.925,0.018,1.4605375541175893
2367.97,0.596,1.595,0.018,1.32529518714535
2367.97,0.512,1.797,0.015,1.1092013591793404
2367.99,0.58,1.616,0.015,1.082615788001185
2367.99,0.558,1.732,0.016,1.136179540850968
2367.99,0.56,1.805,0.015,1.38741942960087
2367.99,0.507,1.505,0.019,1.2364657852157068
2368.0,0.51,1.93,0.018,1.1518816907340235
2368.01,0.561,1.871,0.018,1.0540518106553698
2368.01,0.531,1.974,0.019,1.1243994700367668
2368.01,0.586,1.702,0.017,1.3115719168702502
2368.01,0.585,1.584,0.016,1.4128292987230675
2368.02,0.531,1.714,0.018,1.3063864643929426
2368.02,0.542,1.979,0.015,1.3675350969198596
2368.02,0.533,1.541,0.018,1.0599118148471087
2368.03,0.568,1.883,0.016,1.0313996083581365
2368.03,0.564,1.924,0.018,1.1088643439883568
2368.03,0.504,1.748,0.015,1.188114706903733
2368.05,0.544,1.838,0.016,1.0804952102145078
2368.05,0.525,1.711,0.015,1.3750457239737974
2368.06,0.553,1.596,0.016,1.1674155701258306
2368.06,0.524,1.76,0.015,1.4596927665614563
2368.07,0.561,1.715,0.016,1.4334592720605128
2368.08,0.572,1.678,0.019,1.2947597730941625
2368.1,0.532,1.908,0.018,1.3684368675473328
2368.11,0.557,1.803,0.018,1.355574109573381
2368.11,0.558,1.917,0.015,1.123904023508635
2368.12,0.552,1.886,0.017,1.2249623365374132
2368.13,0.548,1.957,0.017,1.2555588057814675
2368.13,0.559,1.854,0.018,1.1417031626281158
2368.13,0.549,1.909,0.019,1.4765920496240081
2368.16,0.589,1.536,0.018,1.4615743306679199
2368.17,0.564,1.615,0.015,1.3549341984387864
2368.17,0.534,1.591,0.016,1.0954589618975605
2368.2,0.509,1.905,0.015,1.2648329900971957
2368.2,0.538,1.779,0.019,1.2146552639885098
2368.22,0.548,1.693,0.015,1.2308097251813173
2368.23,0.525,1.71,0.015,1.2959027405994028
2368.23,0.577,1.812,0.018,1.3463200448106236
2368.23,0.502,1.751,0.016,1.0653979279394845
2368.24,0.547,1.715,0.016,1.280788279006309
2368.25,0.569,1.557,0.018,1.3119684469290154
2368.25,0.555,1.9,0.018,1.2389072707516733
2368.25,0.559,1.893,0.018,1.051447180202725
2368.28,0.543,1.721,0.017,1.4693547698508984
2368.28,0.519,1.989,0.017,1.1877756887565847
2368.29,0.59,1.571,0.016,1.4551663551061162
2368.29,0.547,1.943,0.019,1.4925710166656243
2368.31,0.543,1.514,0.018,1.4028485237729833
2368.31,0.555,1.653,0.019,1.2979489676945943
2368.32,0.576,1.857,0.019,1.373291772219669
2368.32,0.591,1.547,0.016,1.0682019965390732
2368.32,0.561,1.905,0.017,1.1618180108046485
2368.33,0.56,1.838,0.019,1.3537767120058601
2368.33,0.521,1.59,0.017,1.4016922553804076
2368.34,0.563,1.748,0.018,1.1209862070597405
2368.34,0.555,1.643,0.017,1.0669054202035557
2368.35,0.57,1.914,0.015,1.1043179504795742
2368.35,0.571,1.972,0.016,1.1307092999628416
2368.36,0.546,1.94,0.016,1.2813365253834514
2368.36,0.561,1.65,0.016,1.2021843899958309
2368.37,0.534,1.816,0.019,1.3863509166134516
2368.37,0.579,1.913,0.016,1.0239330516120417
2368.38,0.575,1.55,0.016,1.0091390328299084
2368.38,0.586,1.768,0.016,1.4277977250001521
2368.38,0.569,1.953,0.016,1.3164512461863118
2368.42,0.556,1.808,0.017,1.3281817221461187
2368.42,0.536,1.82,0.018,1.3808065754506313
2368.43,0.56,1.542,0.015,1.0923070460157047
2368.44,0.57,1.734,0.019,1.0693061646774327
2368.44,0.589,1.995,0.016,1.3909144549632928
2368.45,0.516,1.731,0.016,1.0590921818172774
2368.49,0.537,1.541,0.015,1.098632734214378
2368.49,0.533,1.782,0.015,1.1335851487627877
2368.49,0.567,1.907,0.019,1.1564345073898192
2368.5,0.521,1.75,0.019,1.1893015220376884
2368.51,0.525,1.759,0.016,1.4523145794921202
2368.51,0.535,1.551,0.018,1.434061877139477
2368.52,0.588,1.851,0.017,1.0423074534224366
2368.54,0.511,1.952,0.017,1.3926832034657255
2368.54,0.522,1.803,0.015,1.455304781978787
2368.54,0.585,1.601,0.017,1.353253303291073
2368.55,0.545,1.749,0.017,1.1747351804345123
2368.55,0.55,1.743,0.019,1.3210205889192352
2368.59,0.597,1.507,0.017,1.4511283785463887
2368.59,0.557,1.664,0.019,1.252781789225883
2368.6,0.579,1.763,0.018,1.3579463562707192
2368.6,0.571,1.829,0.019,1.4114478161742596
2368.63,0.564,1.885,0.019,1.3655448133194157
2368.63,0.592,1.937,0.018,1.1948192547665475
2368.64,0.504,1.537,0.017,1.317245551714864
2368.65,0.534,1.87,0.017,1.2370700918400108
2368.66,0.592,1.749,0.019,1.4483251136453874
2368.66,0.565,1.885,0.017,1.0834932735375347
2368.68,0.507,1.829,0.015,1.3970882831398064
2368.68,0.539,1.935,0.016,1.079498256106266
2368.68,0.505,1.857,0.016,1.1330479226643146
2368.69,0.5,1.558,0.017,1.0899607234666826
2368.69,0.567,1.537,0.019,1.4803232496595382
2368.7,0.584,1.624,0.015,1.0857897896490618
2368.7,0.505,1.54,0.018,1.0744144430585458
2368.7,0.591,1.637,0.017,1.4821569070655505
2368.72,0.566,1.973,0.016,1.1939793509842733
2368.72,0.591,1.502,0.017,1.484727894424835
2368.72,0.571,1.868,0.018,1.2041240626572474
2368.72,0.548,1.768,0.019,1.1544949179422959
2368.72,0.524,1.929,0.018,1.0793288622358772
2368.74,0.551,1.613,0.015,1.3611300722126298
2368.74,0.517,1.642,0.018,1.0443118333729502
2368.74,0.535,1.565,0.019,1.0812322702794115
2368.75,0.556,1.615,0.016,1.2370112596539933
2368.75,0.573,1.725,0.016,1.4509452083081342
2368.75,0.589,1.799,0.017,1.471280673518737
2368.76,0.513,1.619,0.018,1.0896697687649586
2368.77,0.595,1.509,0.019,1.1707789352797469
2368.77,0.575,1.924,0.015,1.342231936241642
2368.77,0.512,1.802,0.015,1.0907979252650102
2368.78,0.516,1.976,0.018,1.149288672198574
2368.78,0.574,1.747,0.015,1.4408035522819669
2368.78,0.501,1.574,0.019,1.47936468650023
2368.78,0.522,1.565,0.018,1.32720548212355
2368.81,0.593,1.574,0.015,1.3164227047572532
2368.81,0.584,1.993,0.015,1.178965093573015
2368.82,0.551,1.8,0.017,1.185197087250751
2368.84,0.589,1.687,0.017,1.20258361016518
2368.84,0.528,1.943,0.015,1.1546724956107415
2368.85,0.576,1.671,0.019,1.1172053175162175
2368.85,0.541,1.979,0.015,1.0635884540523013
2368.85,0.548,1.536,0.017,1.4071814576005548
2368.85,0.586,1.914,0.016,1.0113204732880938
2368.87,0.527,1.746,0.016,1.1365043158958952
2368.87,0.527,1.877,0.018,1.45806887729414
2368.88,0.522,1.719,0.015,1.3598145356536442
2368.89,0.599,1.979,0.017,1.242407316519629
2368.89,0.55,1.85,0.018,1.0147051155389515
2368.9,0.534,1.601,0.016,1.4221269816961144
2368.9,0.516,1.758,0.019,1.0773934008264334
2368.91,0.511,1.635,0.015,1.0963691842275443
2368.91,0.532,1.818,0.016,1.197863635182458
2368.91,0.522,1.705,0.017,1.0033297451114993
2368.91,0.502,1.609,0.018,1.1527348253280172
2368.92,0.532,1.502,0.017,1.1400338875077378
2368.93,0.534,1.609,0.017,1.064390605118065
2368.94,0.571,1.641,0.019,1.349703478756771
2368.95,0.541,1.548,0.019,1.3557267475273522
2368.95,0.568,1.589,0.016,1.0424221728462706
2368.96,0.564,1.504,0.018,1.178819154817242
2368.97,0.558,1.596,0.015,1.0795564484571774
2368.98,0.596,1.807,0.016,1.3398914872701115
2368.99,0.562,1.794,0.017,1.1876988230241485
2368.99,0.539,1.948,0.016,1.4327618970341565
2368.99,0.538,1.932,0.017,1.3573968226587745
2369.0,0.58,1.852,0.015,1.3600684629220754
2369.0,0.597,1.532,0.018,1.2950415616608866
2369.01,0.562,1.573,0.017,1.0753864228725065
2369.03,0.573,1.641,0.017,1.1709006656091165
2369.04,0.54,1.915,0.019,1.1388011086792456
2369.05,0.53,1.666,0.018,1.2007045940957035
2369.05,0.525,1.635,0.016,1.0635313615392274
2369.06,0.552,1.538,0.018,1.4518528345785002
2369.06,0.572,1.583,0.015,1.3630350196073782
2369.06,0.559,1.69,0.017,1.048521748058045
2369.06,0.548,1.624,0.018,1.077008207974724
2369.06,0.507,1.789,0.016,1.289521456237967
2369.07,0.597,1.857,0.019,1.4850108484224487
2369.07,0.568,1.741,0.019,1.1180943061360362
2369.07,0.533,1.674,0.019,1.334289307322869
2369.07,0.555,1.954,0.018,1.1475790491223763
2369.08,0.544,1.589,0.018,1.1754523737858222
2369.08,0.561,1.887,0.017,1.0034596587097067
2369.08,0.539,1.561,0.016,1.131871873802531
2369.09,0.561,1.535,0.015,1.2735937254178173
2369.1,0.506,1.825,0.015,1.0980925291580126
2369.1,0.524,1.834,0.019,1.0154585660909896
2369.1,0.549,1.815,0.016,1.2268502495811449
2369.11,0.558,1.87,0.019,1.350751054491699
2369.12,0.55,1.66,0.017,1.4633153679777202
2369.14,0.564,1.541,0.016,1.3094366769185284
2369.14,0.524,1.957,0.019,1.0019872459951042
2369.15,0.554,1.795,0.018,1.4244709533581417
2369.16,0.526,1.652,0.015,1.3628236616329459
2369.16,0.561,1.528,0.015,1.3020429050511129
2369.17,0.536,1.835,0.017,1.26585272516665
2369.17,0.554,1.863,0.015,1.3655721097383227
2369.18,0.566,1.618,0.015,1.4411903382941444
2369.2,0.506,1.715,0.019,1.367596482286771
2369.2,0.582,1.721,0.018,1.331515839759795
2369.21,0.558,1.669,0.018,1.068003387020066
2369.22,0.563,1.597,0.016,1.3009613171214338
2369.22,0.518,1.716,0.017,1.4271709292711259
2369.22,0.536,1.503,0.016,1.1218652459454488
2369.22,0.552,1.757,0.015,1.3153252866043126
2369.24,0.516,1.829,0.016,1.2075869635752416
2369.25,0.543,1.74,0.019,1.3465889427341282
2369.26,0.507,1.952,0.019,1.3864704663270109
2369.27,0.544,1.666,0.018,1.368151017862487
2369.28,0.589,1.971,0.018,1.0506264323752377
2369.29,0.576,1.588,0.019,1.2918000139957235
2369.29,0.518,1.908,0.019,1.1935586116674393
2369.3,0.549,1.771,0.016,1.3555678066399464
2369.3,0.504,1.808,0.019,1.2180463142411602
2369.31,0.581,1.851,0.017,1.3759962406598891
2369.31,0.534,1.638,0.016,1.3781334068855595
2369.32,0.579,1.991,0.015,1.3753379119651121
2369.32,0.539,1.961,0.017,1.3204762773781051
2369.32,0.523,1.781,0.019,1.37156357940136
2369.33,0.538,1.691,0.019,1.4916349127949824
2369.33,0.54,1.93,0.015,1.481937403137041
2369.34,0.56,1.546,0.016,1.3985503107353514
2369.35,0.594,1.643,0.015,1.426735870862033
2369.36,0.542,1.899,0.015,1.4903313341418374
2369.37,0.507,1.803,0.018,1.3733900492794822
2369.37,0.517,1.679,0.019,1.2058894930269892
2369.4,0.501,1.939,0.016,1.2457702901160534
2369.4,0.585,1.722,0.015,1.248231870417293
2369.4,0.59,1.909,0.018,1.2734349660374455
2369.4,0.533,1.513,0.016,1.2308146063522978
2369.43,0.538,1.733,0.015,1.1081010881953428
2369.44,0.526,1.651,0.015,1.1723205235312346
2369.44,0.554,1.6,0.017,1.3865948488134365
2369.45,0.599,1.655,0.016,1.0309908432658585
2369.45,0.509,1.97,0.015,1.2920685976353408
2369.48,0.544,1.608,0.017,1.3478913107227724
2369.48,0.594,1.75,0.018,1.0520293290006921
2369.5,0.58,1.517,0.017,1.097661211938859
2369.5,0.569,1.942,0.016,1.4728698267367817
2369.5,0.514,1.5,0.016,1.0983438980703413
2369.5,0.594,1.791,0.017,1.0628985446564236
2369.51,0.512,1.742,0.018,1.2128221606106837
2369.51,0.587,1.86,0.016,1.273853460483017
2369.52,0.548,1.695,0.017,1.0860113167160443
2369.52,0.509,1.574,0.017,1.2972221198511635
2369.53,0.556,1.602,0.017,1.2667154118516342
2369.53,0.597,1.749,0.015,1.40786558364335
2369.54,0.574,1.896,0.017,1.4094500108987456
2369.55,0.575,1.946,0.016,1.4844446180561204
2369.56,0.504,1.799,0.017,1.3920368568624115
2369.58,0.523,1.862,0.015,1.1315108920687602
2369.58,0.537,1.946,0.016,1.4627884692616293
2369.58,0.577,1.824,0.019,1.070216235042869
2369.59,0.564,1.991,0.018,1.4084376054913852
2369.6,0.572,1.898,0.018,1.2253135410156966
2369.61,0.578,1.998,0.016,1.1350807430652763
2369.61,0.528,1.646,0.018,1.0039349929320425
2369.62,0.585,1.941,0.016,1.0399123565840582
2369.62,0.535,1.966,0.017,1.1629517502909743
2369.63,0.557,1.736,0.016,1.2998598478307983
2369.63,0.596,1.782,0.015,1.1751332918671138
2369.63,0.519,1.72,0.016,1.01192885028359
2369.64,0.52,1.821,0.019,1.0129771254730116
2369.64,0.54,1.801,0.017,1.3381850499079282
2369.64,0.506,1.924,0.018,1.217113619666521
2369.64,0.591,1.933,0.019,1.2219752938784427
2369.66,0.532,1.992,0.018,1.028742345220287
2369.66,0.512,1.976,0.017,1.458211007590458
2369.67,0.585,1.968,0.015,1.0279612043076
2369.67,0.546,1.702,0.016,1.2606318501343639
2369.68,0.568,1.83,0.019,1.2247440172168131
2369.68,0.535,1.852,0.019,1.1599967552285317
2369.7,0.504,1.703,0.019,1.0494500552591466
2369.7,0.502,1.878,0.018,1.2486837055663704
2369.72,0.593,1.872,0.018,1.2090243965525773
2369.74,0.534,1.559,0.018,1.466940584318474
2369.75,0.533,1.98,0.015,1.188014581319878
2369.75,0.598,1.543,0.019,1.4816886775967795
2369.76,0.511,1.933,0.016,1.2304932408588913
2369.77,0.596,1.808,0.019,1.3454104073229218
2369.78,0.515,1.54,0.018,1.0857061580852592
2369.79,0.548,1.697,0.015,1.326159852271524
2369.8,0.58,1.731,0.017,1.483404008840232
2369.8,0.537,1.692,0.015,1.0717599181717632
2369.81,0.511,1.62,0.016,1.081492351968536
2369.81,0.587,1.558,0.016,1.3346474409633826
2369.82,0.586,1.606,0.016,1.011097344715724
2369.83,0.501,1.766,0.017,1.207649543735809
2369.84,0.579,1.955,0.019,1.2371049410137163
2369.85,0.518,1.716,0.018,1.4324162102576132
2369.86,0.583,1.748,0.015,1.227890762859708
2369.87,0.566,1.935,0.018,1.1905590154980605
2369.87,0.524,1.541,0.016,1.1235888844117605
2369.88,0.553,1.82,0.018,1.1972085330389879
2369.89,0.541,1.83,0.016,1.1619132165081933
2369.9,0.558,1.934,0.015,1.279927619866055
2369.9,0.588,1.747,0.016,1.4475557910845696
2369.9,0.55,1.969,0.019,1.2519912928376913
2369.91,0.557,1.778,0.018,1.464059359211313
2369.91,0.581,1.892,0.015,1.2934958180527345
2369.92,0.575,1.776,0.019,1.3314692410299516
2369.93,0.527,1.519,0.016,1.0525180380956523
2369.93,0.57,1.958,0.017,1.1487376086880672
2369.94,0.524,1.561,0.016,1.3188667936209617
2369.94,0.521,1.563,0.018,1.123811748014691
2369.94,0.531,1.589,0.017,1.2774491978169702
2369.94,0.55,1.872,0.015,1.3805541290861632
2369.95,0.58,1.737,0.017,1.1771920043833417
2369.95,0.545,1.564,0.015,1.3982554019454518
2369.96,0.552,1.843,0.017,1.1597027521041101
2369.98,0.569,1.861,0.019,1.4542310266052838
2369.98,0.585,1.946,0.016,1.0971507360275645
2369.98,0.55,1.615,0.015,1.028856625614294
2369.98,0.585,1.994,0.019,1.214596023287612
2369.98,0.594,1.554,0.016,1.0961581439910395
