4650.0,0.576,1.626,0.019,1.1664676168224422
4650.02,0.588,1.762,0.019,1.0186647223149814
4650.04,0.56,1.62,0.018,1.2840616662758966
4650.06,0.58,1.976,0.017,1.3935668257374425
4650.08,0.588,1.719,0.019,1.114044478228648
4650.08,0.581,1.505,0.019,1.4019144528767307
4650.09,0.585,1.502,0.015,1.2933619903925768
4650.11,0.557,1.96,0.018,1.039247909559354
4650.11,0.544,1.674,0.017,1.2076870205999806
4650.11,0.503,1.928,0.015,1.0565210254522155
4650.12,0.591,1.987,0.017,1.3586511644125383
4650.14,0.59,1.682,0.017,1.0206951900230532
4650.18,0.515,1.894,0.017,1.3561190502657643
4650.2,0.536,1.894,0.019,1.3067348443503506
4650.22,0.57,1.694,0.016,1.0326764269821151
4650.23,0.578,1.964,0.019,1.4348359162433924
4650.26,0.558,1.941,0.019,1.4802096897317325
4650.32,0.597,1.51,0.019,1.0583410739422585
4650.33,0.558,1.841,0.017,1.3316955603508434
4650.35,0.539,1.92,0.017,1.4696857436544408
4650.36,0.504,1.786,0.019,1.2067680866157973
4650.42,0.523,1.794,0.018,1.2311231788475214
4650.46,0.599,1.95,0.017,1.2460701471778097
4650.5,0.502,1.803,0.016,1.2773564787515683
4650.51,0.552,1.957,0.018,1.0311572768308226
4650.51,0.506,1.99,0.015,1.03910251047489
4650.53,0.578,1.819,0.016,1.2087693507865556
4650.54,0.582,1.633,0.015,1.4021098980559654
4650.55,0.547,1.654,0.019,1.0360950931991468
4650.56,0.554,1.745,0.017,1.4065621035578357
4650.59,0.581,1.905,0.016,1.4457321783425832
4650.59,0.506,1.639,0.018,1.486479724399206
4650.6,0.569,1.806,0.016,1.1701758640447706
4650.6,0.567,1.655,0.019,1.4248529145875177
4650.63,0.599,1.777,0.015,1.137422526636291
4650.64,0.508,1.928,0.017,1.2750618352453367
4650.69,0.527,1.521,0.017,1.2242533120898256
4650.7,0.594,1.762,0.015,1.057366666673596
4650.71,0.523,1.808,0.018,1.2188670497588152
4650.72,0.595,1.735,0.019,1.4612600803053928
4650.73,0.587,1.896,0.016,1.1640515333403472
4650.73,0.501,1.836,0.015,1.381689133925555
4650.74,0.56,1.625,0.017,1.2957966026930157
4650.74,0.546,1.759,0.016,1.3625575219710666
4650.77,0.543,1.541,0.018,1.4908617986628767
4650.78,0.51,1.776,0.018,1.1157449498447378
4650.82,0.554,1.735,0.015,1.0523753560016977
4650.83,0.512,1.791,0.015,1.3656604661634262
4650.84,0.549,1.725,0.016,1.2280685035521823
4650.84,0.524,1.532,0.015,1.2705195248229313
4650.84,0.505,1.641,0.017,1.4714242743059331
4650.86,0.56,1.621,0.015,1.4328561489797693
4650.88,0.591,1.515,0.015,1.1940080145464755
4650.88,0.582,1.616,0.019,1.2648283799354374
4650.89,0.547,1.738,0.017,1.3327057222305836
4650.91,0.563,1.92,0.015,1.2975679236369377
4650.92,0.553,1.801,0.018,1.4465750186501756
4650.95,0.564,1.551,0.017,1.1979326130049643
4651.0,0.564,1.52,0.019,1.1522807155325452
4651.01,0.564,1.8,0.018,1.248313845084712
4651.02,0.527,1.551,0.017,1.3913061332148686
4651.03,0.506,1.757,0.019,1.377567944677076
4651.04,0.582,1.959,0.015,1.3203758968384744
4651.06,0.529,1.518,0.017,1.2621908942354776
4651.07,0.541,1.638,0.015,1.1489685943044525
4651.08,0.534,1.519,0.018,1.085603230437621
4651.1,0.579,1.95,0.017,1.0599770090192127
4651.12,0.519,1.647,0.016,1.0010946068499837
4651.16,0.503,1.73,0.017,1.2846795535551618
4651.18,0.518,1.618,0.017,1.4920063625876991
4651.19,0.596,1.797,0.019,1.2413667143437066
4651.19,0.569,1.617,0.016,1.1125813292144593
4651.21,0.541,1.966,0.018,1.2663013708954856
4651.22,0.542,1.854,0.019,1.3807283504506145
4651.23,0.54,1.659,0.018,1.046159539827693
4651.24,0.532,1.723,0.015,1.0308911978906328
4651.27,0.586,1.77,0.015,1.265220315280395
4651.27,0.576,1.99,0.016,1.069784196700725
4651.29,0.502,1.724,0.017,1.403979236826419
4651.3,0.524,1.914,0.018,1.2071472799128669
4651.31,0.544,1.706,0.017,1.215996661231861
4651.31,0.552,1.983,0.019,1.1891752847842783
4651.31,0.577,1.838,0.019,1.1783428438180308
4651.33,0.586,1.678,0.015,1.1796516551111929
4651.38,0.579,1.987,0.016,1.1821347664307689
4651.39,0.529,1.92,0.016,1.490977220723916
4651.4,0.592,1.823,0.015,1.1246528265527138
4651.41,0.552,1.758,0.017,1.1640829991472488
4651.42,0.525,1.737,0.017,1.3671429581210885
4651.43,0.513,1.558,0.018,1.2739028809214694
4651.43,0.504,1.608,0.017,1.2764298968798122
4651.45,0.505,1.762,0.018,1.201633722330944
4651.46,0.567,1.747,0.015,1.4122531834887506
4651.47,0.522,1.753,0.017,1.1136766472411637
4651.48,0.577,1.952,0.015,1.2432191577773524
4651.49,0.592,1.766,0.017,1.194592343657522
4651.52,0.594,1.919,0.019,1.1784721537734892
4651.55,0.554,1.814,0.018,1.3080029459485214
4651.55,0.501,1.627,0.016,1.442403272433451
4651.57,0.517,1.863,0.017,1.1572997878451425
4651.59,0.572,1.701,0.018,1.4773500532692143
4651.6,0.571,1.953,0.019,1.3542601761718631
4651.7,0.592,1.529,0.018,1.1117908124396003
4651.71,0.501,1.951,0.015,1.3787995206979289
4651.73,0.544,1.876,0.017,1.079222024485365
4651.75,0.558,1.583,0.016,1.4147695098252822
4651.75,0.525,1.676,0.017,1.1582327479957306
4651.77,0.581,1.502,0.015,1.261640203218728
4651.78,0.572,1.898,0.016,1.3896405287663582
4651.81,0.543,1.816,0.016,1.3141751904281285
4651.82,0.562,1.84,0.019,1.1627070897681648
4651.82,0.577,1.682,0.017,1.3311300629370901
4651.83,0.538,1.641,0.015,1.1881031649433191
4651.84,0.598,1.909,0.019,1.4888051003880962
4651.85,0.542,1.509,0.019,1.3206819738453734
4651.85,0.513,1.828,0.018,1.3647889806694962
4651.85,0.557,1.86,0.019,1.0413234909770066
4651.85,0.573,1.636,0.016,1.3311013092500066
4651.87,0.528,1.505,0.015,1.05924481703596
4651.92,0.506,1.916,0.018,1.0405563725775893
4651.92,0.599,1.574,0.018,1.3833667014758606
4651.92,0.502,1.986,0.019,1.1076337854852758
4651.92,0.519,1.868,0.017,1.3618391000870755
4651.93,0.587,1.959,0.016,1.473872538960378
4651.97,0.576,1.982,0.018,1.4558034808394065
4651.97,0.545,1.583,0.017,1.079464706298562
4651.98,0.523,1.646,0.019,1.1893645984433658
4651.99,0.594,1.653,0.016,1.4253841301125014
4651.99,0.553,1.6,0.017,1.3190191222030716
4652.01,0.522,1.548,0.018,1.0812470914196628
4652.02,0.503,1.686,0.016,1.3270747712328381
4652.02,0.555,1.512,0.016,1.2624058774660885
4652.04,0.502,1.505,0.019,1.044011531696401
4652.05,0.597,1.65,0.019,1.4702446452350146
4652.05,0.579,1.779,0.016,1.1895482460577569
4652.06,0.594,1.59,0.019,1.4750215170292247
4652.07,0.505,1.756,0.016,1.1881654999532563
4652.07,0.582,1.799,0.017,1.418062751471921
4652.09,0.596,1.575,0.019,1.0321168555602436
4652.15,0.53,1.953,0.016,1.1404005177289906
4652.19,0.589,1.582,0.017,1.3240339519267095
4652.19,0.538,1.899,0.018,1.373569349081989
4652.19,0.561,1.544,0.016,1.291545135784553
4652.19,0.596,1.873,0.018,1.1355171382069953
4652.2,0.577,1.705,0.019,1.3140646131138818
4652.2,0.543,1.953,0.019,1.497117528117643
4652.2,0.57,1.799,0.017,1.3374834699478197
4652.21,0.536,1.506,0.015,1.3167083488089535
4652.24,0.589,1.524,0.018,1.0742978463947732
4652.25,0.545,1.992,0.018,1.1996793266954588
4652.27,0.592,1.693,0.018,1.4104725602635613
4652.29,0.565,1.584,0.019,1.2274122703999781
4652.3,0.588,1.877,0.019,1.0924967724605459
4652.31,0.532,1.941,0.017,1.3544111652238864
4652.31,0.587,1.793,0.018,1.333531062501073
4652.31,0.532,1.783,0.018,1.0648710932295538
4652.33,0.552,1.588,0.017,1.3055456301656205
4652.34,0.578,1.556,0.015,1.1997044059040551
4652.34,0.537,1.661,0.015,1.0752243705840183
4652.34,0.505,1.619,0.017,1.0533567813783742
4652.35,0.528,1.843,0.018,1.4314063467007547
4652.35,0.552,1.738,0.015,1.1337953530560043
4652.37,0.504,1.727,0.019,1.1975300485785918
4652.38,0.524,1.792,0.016,1.0992134617613007
4652.38,0.57,1.665,0.017,1.3513609506699076
4652.39,0.519,1.775,0.016,1.2808539275113322
4652.39,0.512,1.834,0.015,1.030500924998
4652.4,0.525,1.713,0.016,1.2699919300283251
4652.4,0.503,1.752,0.018,1.2274347265562844
4652.46,0.596,1.771,0.015,1.1073691576535443
4652.47,0.569,1.868,0.017,1.2637506677652797
4652.47,0.578,1.781,0.018,1.04404867048897
4652.48,0.582,1.67,0.019,1.0271061692075718
4652.49,0.537,1.933,0.015,1.2181971697095253
4652.52,0.571,1.931,0.019,1.0810898956139354
4652.56,0.543,1.605,0.015,1.481188367945609
4652.6,0.537,1.755,0.018,1.0750947568473628
4652.62,0.579,1.738,0.018,1.0559285713756197
4652.63,0.592,1.528,0.016,1.0268806370658534
4652.64,0.509,1.546,0.018,1.1137220937498031
4652.64,0.528,1.791,0.018,1.3156188671079192
4652.65,0.501,1.767,0.015,1.219218732581238
4652.68,0.583,1.789,0.016,1.2361527654733966
4652.68,0.578,1.844,0.016,1.1191762386423705
4652.71,0.501,1.958,0.015,1.4282594073601034
4652.73,0.51,1.909,0.015,1.4250153774722099
4652.73,0.52,1.792,0.015,1.0437278971708202
4652.75,0.531,1.776,0.017,1.4674210535463752
4652.77,0.591,1.881,0.015,1.2803458794558802
4652.77,0.503,1.818,0.018,1.0168859655966354
4652.78,0.586,1.662,0.019,1.075633580693242
4652.78,0.542,1.898,0.017,1.0575018401750589
4652.78,0.554,1.591,0.016,1.4470677445734308
4652.81,0.544,1.716,0.017,1.3662607623315106
4652.81,0.546,1.581,0.016,1.2730405725627782
4652.83,0.567,1.99,0.018,1.179355258854876
4652.83,0.569,1.593,0.017,1.030850461138355
4652.84,0.56,1.862,0.019,1.4216935835249227
4652.84,0.555,1.873,0.017,1.4379995732104782
4652.85,0.584,1.725,0.016,1.1129271494918567
4652.86,0.544,1.676,0.015,1.329583798688024
4652.86,0.547,1.642,0.019,1.0776126767877154
4652.89,0.545,1.756,0.019,1.0541041947898784
4652.89,0.545,1.518,0.018,1.0857031102405053
4652.91,0.562,1.839,0.019,1.424841068960689
4652.93,0.583,1.767,0.017,1.4077724447199458
4652.94,0.544,1.778,0.016,1.3878472545014096
4652.97,0.599,1.67,0.017,1.485401728563714
4652.99,0.591,1.752,0.019,1.1280132058664898
4653.09,0.541,1.587,0.019,1.0784633043308551
4653.14,0.522,1.89,0.019,1.4984526238316784
4653.16,0.505,1.894,0.016,1.304521179664368
4653.18,0.509,1.754,0.019,1.0396727722615764
4653.18,0.59,1.945,0.016,1.1200752353371697
4653.22,0.537,1.513,0.015,1.2712852199236788
4653.22,0.508,1.917,0.017,1.1094969458002963
4653.23,0.533,1.598,0.017,1.4323487220766702
4653.24,0.506,1.832,0.017,1.085030400995642
4653.28,0.53,1.889,0.018,1.4595717761476996
4653.29,0.582,1.635,0.017,1.0934744442610136
4653.31,0.587,1.794,0.016,1.0777736246812288
4653.31,0.589,1.701,0.018,1.1044601585615692
4653.33,0.584,1.598,0.015,1.4196898188210394
4653.34,0.585,1.839,0.017,1.0230704395937822
4653.34,0.546,1.682,0.017,1.0726164316098243
4653.37,0.548,1.853,0.018,1.3195700655851295
4653.39,0.596,1.526,0.019,1.1408168473894944
4653.39,0.532,1.963,0.017,1.040194665076268
4653.42,0.515,1.976,0.019,1.444244663044662
4653.43,0.542,1.861,0.015,1.312592105348439
4653.46,0.53,1.686,0.017,1.0831742974996892
4653.47,0.508,1.581,0.017,1.18576510865077
4653.49,0.577,1.515,0.016,1.3826761654131483
4653.5,0.564,1.998,0.015,1.126828201468361
4653.52,0.587,1.653,0.017,1.2573058399307107
4653.53,0.571,1.89,0.019,1.0522847959552166
4653.56,0.591,1.607,0.015,1.2851050058372042
4653.56,0.555,1.775,0.015,1.4645867515090858
4653.56,0.512,1.908,0.017,1.089818696787664
4653.59,0.525,1.61,0.019,1.147683146965961
4653.6,0.573,1.929,0.015,1.2657244992563235
4653.61,0.543,1.706,0.016,1.0703783245965837
4653.61,0.5,1.643,0.017,1.3778088648914308
4653.62,0.521,1.546,0.016,1.254677004055966
4653.63,0.529,1.559,0.016,1.0067103049447765
4653.63,0.549,1.656,0.015,1.1251052048769181
4653.67,0.516,1.628,0.017,1.0551787242135047
4653.69,0.548,1.824,0.016,1.351241149695423
4653.7,0.514,1.609,0.019,1.1488061570687265
4653.71,0.545,1.616,0.016,1.2362591778388867
4653.73,0.584,1.975,0.016,1.2323216688559318
4653.76,0.537,1.954,0.016,1.275466390735976
4653.79,0.596,1.643,0.015,1.2303794809635349
4653.82,0.535,1.702,0.018,1.1808588596611815
4653.83,0.517,1.909,0.019,1.4346603897700394
4653.85,0.58,1.947,0.018,1.0273937078466338
4653.87,0.529,1.916,0.015,1.1006968453997905
4653.87,0.523,1.888,0.015,1.039284861433732
4653.9,0.539,1.561,0.018,1.0493087898035478
4653.91,0.599,1.896,0.018,1.0558360361091481
4653.92,0.598,1.715,0.015,1.3809126660926245
4653.93,0.563,1.809,0.017,1.0005107333841343
4653.93,0.576,1.943,0.016,1.2932175144471092
4653.94,0.574,1.595,0.017,1.2010067941714713
4653.94,0.58,1.949,0.015,1.2839244031151829
4653.96,0.544,1.748,0.015,1.0777583025045925
4653.99,0.585,1.765,0.016,1.2533436689694828
4654.05,0.527,1.646,0.015,1.0775969941567818
4654.07,0.575,1.953,0.016,1.430571758493033
4654.1,0.545,1.879,0.018,1.0160788876856337
4654.1,0.581,1.603,0.018,1.2483518597657555
4654.15,0.596,1.579,0.018,1.3654175130928632
4654.16,0.521,1.855,0.015,1.362734269789243
4654.16,0.594,1.773,0.017,1.4251483958305902
4654.17,0.504,1.576,0.017,1.269249882240402
4654.18,0.582,1.876,0.015,1.1864166780228418
4654.19,0.568,1.726,0.017,1.2606438728930178
4654.19,0.578,1.513,0.016,1.2427602089878702
4654.2,0.581,1.945,0.017,1.388815426121253
4654.25,0.504,1.517,0.015,1.0374485350036455
4654.25,0.519,1.637,0.019,1.3144955017538589
4654.28,0.515,1.678,0.017,1.4979527524033869
4654.3,0.513,1.866,0.017,1.0730865486294676
4654.3,0.54,1.802,0.017,1.0520682316738879
4654.32,0.586,1.504,0.017,1.0975638421560308
4654.32,0.584,1.881,0.018,1.0412292761686384
4654.35,0.558,1.514,0.019,1.3939256930510435
4654.37,0.592,1.821,0.016,1.2858950050051192
4654.38,0.515,1.936,0.017,1.0341539848248975
4654.38,0.592,1.783,0.017,1.370901667476225
4654.39,0.517,1.704,0.019,1.2296277514067888
4654.39,0.575,1.629,0.018,1.2554325758030496
4654.42,0.549,1.521,0.017,1.0285218601705253
4654.43,0.596,1.509,0.017,1.2656475604543296
4654.46,0.574,1.759,0.016,1.104942952589733
4654.5,0.554,1.741,0.017,1.12509655996364
4654.5,0.508,1.517,0.017,1.4475231350711093
4654.52,0.518,1.619,0.018,1.2625069943356753
4654.52,0.526,1.624,0.018,1.3010140451900596
4654.54,0.505,1.512,0.018,1.0722999584008774
4654.55,0.517,1.651,0.018,1.477861028354559
4654.55,0.507,1.577,0.019,1.050380477183003
4654.57,0.528,1.694,0.015,1.492087053116491
4654.6,0.557,1.988,0.019,1.2691891303524405
4654.61,0.592,1.903,0.017,1.3679959839276639
4654.62,0.528,1.581,0.018,1.219358940500475
4654.62,0.593,1.965,0.016,1.0883583571520363
4654.65,0.558,1.794,0.018,1.038761024134379
4654.67,0.508,1.539,0.016,1.1617897137103168
4654.7,0.557,1.64,0.017,1.3731779965906197
4654.7,0.533,1.999,0.016,1.0060834682250104
4654.74,0.533,1.965,0.015,1.4371101803925157
4654.76,0.594,1.924,0.016,1.0272257833473364
4654.79,0.553,1.731,0.018,1.1618849074999336
4654.8,0.513,1.86,0.019,1.2274478481646465
4654.8,0.528,1.628,0.018,1.073318540927907
4654.81,0.574,1.995,0.017,1.078526954779951
4654.83,0.544,1.55,0.018,1.3441725626164849
4654.85,0.576,1.602,0.016,1.132787659786611
4654.85,0.51,1.589,0.017,1.367860126544538
4654.86,0.584,1.574,0.015,1.1587282613193133
4654.87,0.545,1.799,0.019,1.3764511128413268
4654.88,0.583,1.919,0.017,1.446140741336333
4654.88,0.546,1.845,0.016,1.27626559214952
4654.88,0.513,1.511,0.015,1.2109677669162617
4654.89,0.59,1.596,0.018,1.067279375514923
4654.9,0.585,1.714,0.017,1.2156511434179882
4654.91,0.544,1.884,0.016,1.461066371121897
4654.91,0.578,1.577,0.018,1.4784087822615337
4654.92,0.515,1.536,0.019,1.348751332071786
4654.96,0.584,1.843,0.017,1.4412197966321045
4654.97,0.583,1.51,0.016,1.0471375471625153
4654.98,0.512,1.615,0.015,1.3161807833175463
4655.0,0.593,1.526,0.018,1.428160837826444
4655.02,0.522,1.837,0.017,1.3638462009394006
4655.06,0.509,1.542,0.019,1.4917881657191163
4655.06,0.573,1.827,0.017,1.0830043871565513
4655.06,0.579,1.617,0.017,1.4988494770650043
4655.07,0.548,1.503,0.017,1.4298145342652397
4655.07,0.531,1.755,0.015,1.3801870725733552
4655.07,0.539,1.968,0.019,1.0177033995006328
4655.07,0.592,1.81,0.017,1.4113748342634707
4655.09,0.567,1.818,0.017,1.1272508862254018
4655.1,0.553,1.905,0.016,1.1971983737484508
4655.11,0.564,1.654,0.019,1.4589761016399991
4655.12,0.514,1.71,0.017,1.0075114729704944
4655.13,0.543,1.629,0.015,1.2392882068713358
4655.15,0.596,1.601,0.017,1.4556488981798377
4655.17,0.585,1.556,0.016,1.1125450958432186
4655.18,0.507,1.578,0.019,1.0160806385987111
4655.2,0.57,1.51,0.015,1.4879683157401178
4655.26,0.539,1.939,0.015,1.3881329138251388
4655.28,0.539,1.746,0.015,1.1285559741028046
4655.3,0.551,1.548,0.019,1.4688577178569573
4655.34,0.504,1.695,0.016,1.1740753687247767
4655.37,0.534,1.62,0.016,1.4798956851381484
4655.39,0.59,1.854,0.016,1.1893430325765992
4655.41,0.508,1.871,0.017,1.321771858340547
4655.43,0.552,1.684,0.017,1.1050428245473916
4655.43,0.577,1.554,0.015,1.1926820877557782
4655.45,0.558,1.988,0.015,1.0292867224671147
4655.47,0.576,1.519,0.016,1.1009353356219789
4655.48,0.57,1.639,0.018,1.1709038954161306
4655.49,0.572,1.774,0.017,1.04223477522991
4655.51,0.538,1.89,0.016,1.0606466001649535
4655.51,0.508,1.599,0.019,1.4007528713054291
4655.56,0.594,1.906,0.016,1.0511935593493793
4655.57,0.564,1.989,0.017,1.4254041174864764
4655.58,0.55,1.868,0.016,1.2921743715984637
4655.63,0.529,1.828,0.016,1.381956407785483
4655.64,0.502,1.957,0.019,1.285656364443578
4655.67,0.516,1.845,0.018,1.231576911513908
4655.72,0.59,1.523,0.017,1.3745726480141556
4655.73,0.519,1.868,0.019,1.055514992095826
4655.78,0.541,1.561,0.018,1.157981550552593
4655.78,0.562,1.686,0.018,1.2927283566793872
4655.82,0.502,1.62,0.017,1.2189977325303267
4655.83,0.597,1.506,0.019,1.0596741026585765
4655.89,0.5,1.76,0.018,1.0914479015250096
4655.9,0.529,1.77,0.019,1.4962252091251902
4655.92,0.565,1.647,0.016,1.3553007768562626
4655.93,0.538,1.983,0.017,1.1058175955623466
4655.97,0.546,1.677,0.017,1.200884854887007
4655.98,0.522,1.894,0.015,1.014759525779868
4655.99,0.547,1.679,0.015,1.2768309285898956
4656.01,0.532,1.819,0.016,1.0966614703550333
4656.02,0.591,1.504,0.015,1.018248511561569
4656.03,0.51,1.809,0.017,1.3225517419262838
4656.04,0.55,1.87,0.017,1.3093875511065058
4656.04,0.557,1.809,0.017,1.4351660212415116
4656.06,0.58,1.996,0.019,1.308928661982978
4656.12,0.598,1.746,0.018,1.4448100666809038
4656.14,0.507,1.554,0.017,1.17258520765496
4656.14,0.542,1.777,0.015,1.0292631301673338
4656.15,0.528,1.752,0.017,1.3782632087670843
4656.2,0.577,1.797,0.015,1.4142672184465628
4656.2,0.51,1.706,0.016,1.4269928623631725
4656.22,0.55,1.93,0.018,1.0818651579731267
4656.25,0.536,1.708,0.019,1.045838566730125
4656.28,0.561,1.905,0.017,1.3069524431659274
4656.28,0.515,1.903,0.017,1.2354072627924462
4656.29,0.533,1.554,0.015,1.3732881042948735
4656.31,0.547,1.511,0.017,1.371594003081525
4656.31,0.57,1.929,0.015,1.347971576387636
4656.33,0.569,1.835,0.017,1.3869469828873915
4656.35,0.587,1.944,0.016,1.479389464660505
4656.36,0.526,1.967,0.018,1.4380755883754746
4656.37,0.501,1.839,0.015,1.294016677540529
4656.39,0.533,1.79,0.018,1.4615900901707644
4656.4,0.543,1.627,0.018,1.2290143084906437
4656.43,0.569,1.695,0.015,1.0895491802560766
4656.43,0.53,1.759,0.018,1.4166013055451008
4656.44,0.501,1.94,0.018,1.2547031709650103
4656.44,0.572,1.609,0.017,1.154068350036031
4656.45,0.506,1.615,0.016,1.1724143569888725
4656.47,0.545,1.988,0.019,1.3189449691163326
4656.49,0.593,1.617,0.015,1.374329773688674
4656.5,0.583,1.854,0.017,1.2740261453249961
4656.5,0.514,1.923,0.015,1.2930833296453894
4656.52,0.523,1.996,0.018,1.1348273256318442
4656.52,0.581,1.888,0.018,1.3657928588561175
4656.53,0.506,1.69,0.015,1.2901340477289795
4656.54,0.542,1.642,0.015,1.192399712912066
4656.55,0.564,1.529,0.017,1.1431013756089254
4656.56,0.562,1.556,0.018,1.1553915202177254
4656.56,0.528,1.617,0.015,1.0319690574679368
4656.59,0.531,1.767,0.015,1.103460495878219
4656.6,0.591,1.944,0.019,1.2991388209612986
4656.62,0.565,1.696,0.017,1.4276102286937764
4656.63,0.583,1.701,0.019,1.189539441147386
4656.64,0.501,1.607,0.017,1.1332871164178084
4656.67,0.546,1.697,0.016,1.0869482091293794
4656.67,0.596,1.856,0.015,1.3689766567905832
4656.69,0.591,1.613,0.019,1.4466099512799802
4656.69,0.543,1.891,0.019,1.3550841462662306
4656.69,0.598,1.978,0.015,1.3832518416699537
4656.7,0.511,1.673,0.016,1.4404997564854498
4656.73,0.574,1.974,0.019,1.265369266766731
4656.74,0.502,1.648,0.017,1.0293368859288219
4656.74,0.502,1.748,0.016,1.0439099335402806
4656.74,0.593,1.684,0.018,1.2184469048969822
4656.75,0.58,1.557,0.016,1.190413378792611
4656.8,0.515,1.551,0.018,1.3828380727586618
4656.83,0.563,1.776,0.018,1.330113824177767
4656.83,0.593,1.866,0.019,1.2404550662702576
4656.85,0.5,1.863,0.015,1.2770550891881438
4656.87,0.555,1.694,0.018,1.3290196716162987
4656.89,0.531,1.99,0.017,1.3093372598263726
4656.91,0.573,1.634,0.019,1.1187768886483156
4656.93,0.596,1.898,0.017,1.1238158804883216
4656.93,0.547,1.958,0.017,1.227660708972028
4656.95,0.557,1.891,0.019,1.1696058551183601
4656.97,0.513,1.589,0.018,1.2656795101453442
4656.99,0.57,1.691,0.018,1.10375218005719
4657.01,0.559,1.821,0.017,1.212026894528362
4657.01,0.548,1.72,0.016,1.1392231061967628
4657.03,0.512,1.573,0.017,1.0243536693818487
4657.03,0.552,1.532,0.019,1.4904064212347397
4657.04,0.508,1.895,0.017,1.4098318942365984
4657.05,0.515,1.666,0.017,1.3709013776677572
4657.05,0.596,1.969,0.019,1.4501210188196134
4657.05,0.588,1.952,0.016,1.0497650834312073
4657.09,0.528,1.689,0.018,1.3836730445320409
4657.11,0.581,1.536,0.019,1.2989816929986873
4657.11,0.588,1.913,0.017,1.4540185067979792
4657.11,0.579,1.929,0.015,1.2204843599319677
4657.12,0.575,1.502,0.017,1.4090323087661856
4657.12,0.546,1.511,0.016,1.4856662649480066
4657.14,0.541,1.64,0.015,1.387253908434549
4657.14,0.56,1.668,0.016,1.1147820150496666
4657.14,0.538,1.684,0.019,1.2982100502631684
4657.14,0.597,1.59,0.016,1.2912821558137
4657.14,0.522,1.742,0.019,1.364859299088458
4657.19,0.553,1.52,0.017,1.1785999162555882
4657.19,0.574,1.584,0.019,1.379195994617273
4657.19,0.52,1.956,0.017,1.2823963075344966
4657.2,0.537,1.635,0.015,1.3300168801113457
4657.21,0.576,1.931,0.016,1.4265126560871404
4657.22,0.51,1.795,0.018,1.183481519825655
4657.22,0.532,1.6,0.015,1.4278593431133066
4657.24,0.562,1.646,0.016,1.3203254268382887
4657.24,0.567,1.597,0.017,1.0643847117067402
4657.25,0.554,1.851,0.018,1.3234603934808629
4657.25,0.537,1.639,0.019,1.319933453568383
4657.26,0.572,1.835,0.019,1.3583685009764142
4657.27,0.587,1.576,0.017,1.118304056870965
4657.28,0.506,1.672,0.019,1.3890599103100936
4657.32,0.509,1.918,0.019,1.1338654255105616
4657.32,0.504,1.854,0.016,1.0204519225197122
4657.32,0.548,1.525,0.018,1.3410941780269572
4657.33,0.563,1.967,0.017,1.43718619343483
4657.34,0.579,1.688,0.015,1.1858189249041553
4657.38,0.539,1.529,0.016,1.1364800729901556
4657.38,0.534,1.65,0.015,1.245949059218947
4657.39,0.571,1.654,0.018,1.4189800007868347
4657.41,0.555,1.62,0.015,1.0459999852165829
4657.42,0.535,1.896,0.017,1.448458739026145
4657.45,0.547,1.789,0.019,1.171532028259283
4657.46,0.577,1.908,0.015,1.0515348239459035
4657.47,0.529,1.515,0.017,1.3876071005410477
4657.48,0.506,1.677,0.018,1.4216881090181275
4657.49,0.587,1.667,0.018,1.2885806452613155
4657.49,0.53,1.869,0.016,1.33730131378557
4657.56,0.502,1.838,0.017,1.4046063193502296
4657.59,0.526,1.736,0.015,1.4241483506526684
4657.59,0.528,1.71,0.019,1.1428462329119813
4657.61,0.598,1.788,0.016,1.3916189141175999
4657.62,0.572,1.749,0.018,1.3914216018382382
4657.62,0.575,1.508,0.017,1.3869196614124593
4657.63,0.539,1.783,0.016,1.272776218306984
4657.64,0.578,1.574,0.019,1.0599649748965545
4657.65,0.578,1.8,0.015,1.4626093679501588
4657.65,0.514,1.767,0.015,1.4896134865834783
4657.66,0.504,1.692,0.016,1.3953671581097058
4657.68,0.579,1.949,0.016,1.4100675501811937
4657.69,0.524,1.887,0.019,1.4698070544268962
4657.69,0.55,1.741,0.017,1.4427780951049018
4657.7,0.574,1.624,0.015,1.3199053511033576
4657.75,0.523,1.562,0.017,1.1056665905274783
4657.78,0.59,1.882,0.018,1.2051608064317576
4657.81,0.522,1.681,0.018,1.0900220001342462
4657.82,0.502,1.501,0.017,1.1141622223915082
4657.82,0.501,1.648,0.015,1.3819211231061699
4657.85,0.562,1.699,0.018,1.2586119263259765
4657.85,0.584,1.951,0.019,1.3173042377580495
4657.88,0.575,1.794,0.018,1.1767969998159713
4657.89,0.52,1.819,0.019,1.3750446635926503
4657.93,0.539,1.873,0.019,1.210805933584191
4657.93,0.589,1.903,0.017,1.4194774638896515
4657.94,0.568,1.63,0.015,1.046339192746125
4657.97,0.528,1.79,0.019,1.2058767999199167
4657.98,0.582,1.662,0.019,1.4043744710777992
4657.98,0.55,1.634,0.015,1.4094762407129442
4658.03,0.59,1.53,0.016,1.4025601294257632
4658.04,0.516,1.671,0.019,1.2762147694214203
4658.04,0.595,1.898,0.018,1.262817399142071
4658.05,0.559,1.693,0.019,1.0653598225524537
4658.05,0.594,1.836,0.015,1.4208578288128342
4658.05,0.503,1.818,0.018,1.488290781060805
4658.05,0.547,1.871,0.017,1.3011348738102537
4658.07,0.588,1.541,0.016,1.252160457229462
4658.07,0.502,1.705,0.019,1.0973384818741136
4658.07,0.574,1.573,0.018,1.1298333960868543
4658.09,0.525,1.841,0.016,1.0375052410483743
4658.1,0.596,1.563,0.015,1.427520247613058
4658.1,0.571,1.951,0.016,1.1651920908768583
4658.11,0.502,1.894,0.015,1.3026324165523826
4658.11,0.581,1.761,0.019,1.3149232740544363
4658.14,0.534,1.654,0.019,1.1563633931820043
4658.16,0.592,1.661,0.019,1.1736451943047823
4658.17,0.533,1.549,0.017,1.2237706834194328
4658.18,0.559,1.652,0.015,1.2353591449936765
4658.18,0.592,1.853,0.019,1.0204084954295143
4658.19,0.531,1.829,0.017,1.0632084157850374
4658.22,0.538,1.578,0.015,1.1711317838227941
4658.22,0.573,1.699,0.017,1.0999283810121203
4658.22,0.599,1.968,0.019,1.3560325675922837
4658.25,0.595,1.558,0.015,1.003264147007292
4658.25,0.541,1.797,0.015,1.3467443906359025
4658.27,0.577,1.916,0.017,1.1349173040356955
4658.28,0.582,1.83,0.019,1.1220361003690191
4658.3,0.589,1.713,0.018,1.4726585160102021
4658.3,0.544,1.931,0.018,1.1149310425213594
4658.35,0.531,1.591,0.017,1.3691925278232238
4658.35,0.552,1.919,0.016,1.4475605453174705
4658.35,0.502,1.528,0.016,1.2274123243445418
4658.41,0.51,1.933,0.017,1.2320345576526481
4658.42,0.564,1.718,0.017,1.0300942463404132
4658.42,0.588,1.709,0.018,1.4590354059189352
4658.43,0.579,1.503,0.018,1.2276675058844067
4658.44,0.566,1.749,0.015,1.26685255994287
4658.45,0.517,1.622,0.017,1.278784137249596
4658.47,0.556,1.935,0.017,1.2151105949112786
4658.47,0.529,1.642,0.016,1.1529202053750387
4658.49,0.592,1.515,0.015,1.0802948697572314
4658.5,0.553,1.777,0.018,1.4409297160560937
4658.51,0.573,1.592,0.017,1.1762373402938777
4658.52,0.505,1.575,0.019,1.0705698918443929
4658.52,0.55,1.503,0.016,1.455564986676964
4658.53,0.564,1.929,0.017,1.4021352092796118
4658.56,0.512,1.533,0.018,1.3707113923094378
4658.56,0.576,1.873,0.019,1.31928537844476
4658.59,0.513,1.815,0.015,1.477292024264452
4658.59,0.588,1.968,0.017,1.4188497556588726
4658.6,0.541,1.791,0.017,1.0838457984181953
4658.6,0.557,1.864,0.017,1.3936067159558294
4658.62,0.583,1.906,0.015,1.4300083595385131
4658.65,0.582,1.704,0.017,1.2063428718916236
4658.66,0.591,1.855,0.015,1.3424049048822984
4658.69,0.514,1.832,0.018,1.1484982969562374
4658.7,0.553,1.847,0.015,1.2779772453937404
4658.7,0.532,1.824,0.016,1.2735378213688486
4658.71,0.528,1.756,0.018,1.1736399959419106
4658.71,0.539,1.806,0.018,1.2342725134388584
4658.73,0.587,1.623,0.019,1.2817711459147263
4658.75,0.546,1.951,0.018,1.3942074452726345
4658.78,0.568,1.717,0.018,1.1605762844653094
4658.8,0.51,1.794,0.018,1.0613198280464906
4658.81,0.555,1.545,0.017,1.1788475765104518
4658.82,0.551,1.839,0.019,1.4649585818054878
4658.83,0.526,1.875,0.018,1.4672614098258778
4658.84,0.538,1.565,0.017,1.3238542533541033
4658.85,0.591,1.501,0.018,1.455169096694717
4658.86,0.514,1.641,0.015,1.2959983082200432
4658.88,0.56,1.589,0.015,1.3015861777904898
4658.9,0.575,1.51,0.018,1.18839877216499
4658.9,0.567,1.802,0.015,1.065006189333725
4658.95,0.596,1.728,0.018,1.1148321741365632
4658.95,0.561,1.895,0.015,1.3184486451988713
4658.99,0.514,1.515,0.019,1.17480446719983
4659.0,0.582,1.66,0.016,1.134606310765502
4659.03,0.549,1.573,0.017,1.3578177454274314
4659.04,0.503,1.639,0.017,1.1164485737466088
4659.17,0.573,1.922,0.017,1.1619295088262755
4659.17,0.558,1.618,0.019,1.2611721138438021
4659.24,0.545,1.585,0.019,1.3475181252604505
4659.25,0.547,1.574,0.015,1.1727039380399837
4659.26,0.561,1.966,0.017,1.4244970186758161
4659.26,0.589,1.699,0.016,1.2451688718644978
4659.28,0.542,1.974,0.017,1.0763668870482581
4659.28,0.57,1.848,0.017,1.4249310153232932
4659.3,0.548,1.887,0.017,1.455278824453695
4659.31,0.586,1.781,0.019,1.0613657240270276
4659.32,0.505,1.919,0.017,1.0144519780880041
4659.32,0.588,1.971,0.019,1.1264091915502792
4659.34,0.541,1.664,0.018,1.090185589542993
4659.38,0.503,1.626,0.019,1.3847288881861248
4659.44,0.518,1.752,0.016,1.0302644647855717
4659.47,0.563,1.717,0.019,1.3851106487664957
4659.49,0.544,1.902,0.018,1.2371183444139127
4659.51,0.571,1.877,0.016,1.1561387954471583
4659.51,0.526,1.947,0.017,1.408236353632468
4659.52,0.594,1.993,0.019,1.2085511456333322
4659.52,0.511,1.588,0.015,1.251420284713338
4659.52,0.529,1.757,0.017,1.093012472257001
4659.53,0.594,1.653,0.019,1.2968485959871587
4659.53,0.593,1.555,0.019,1.4734781601606155
4659.53,0.564,1.794,0.019,1.0696839361874897
4659.54,0.516,1.54,0.018,1.4481010273688686
4659.54,0.52,1.755,0.019,1.1794892382668745
4659.55,0.543,1.922,0.018,1.4789471693004443
4659.56,0.591,1.506,0.019,1.0354174832447878
4659.57,0.501,1.528,0.019,1.1245886573708717
4659.58,0.554,1.887,0.017,1.3385301163533851
4659.58,0.513,1.907,0.018,1.2467207597464638
4659.59,0.543,1.646,0.017,1.276975003680275
4659.62,0.582,1.918,0.018,1.1348036223575013
4659.63,0.597,1.885,0.019,1.4449827885839714
4659.63,0.53,1.633,0.015,1.0174618100413786
4659.65,0.535,1.721,0.019,1.4580436591600692
4659.66,0.55,1.978,0.015,1.3165718656196184
4659.67,0.599,1.546,0.016,1.0993149713596828
4659.68,0.575,1.89,0.019,1.1536737567777613
4659.68,0.544,1.813,0.015,1.2386577243204242
4659.68,0.519,1.816,0.018,1.138528593578656
4659.7,0.513,1.643,0.018,1.213198304486027
4659.73,0.5,1.751,0.017,1.1399517646506871
4659.74,0.525,1.659,0.018,1.3529724193407664
4659.76,0.543,1.804,0.016,1.0441420641398644
4659.78,0.521,1.561,0.019,1.3779640759695675
4659.78,0.579,1.584,0.018,1.0078868726732613
4659.78,0.541,1.597,0.018,1.2291485375555533
4659.79,0.564,1.688,0.018,1.2258903385096223
4659.79,0.52,1.524,0.018,1.2746361442660887
4659.8,0.555,1.524,0.016,1.2572202207195513
4659.82,0.509,1.558,0.018,1.0661415468409294
4659.82,0.545,1.894,0.019,1.154682346687742
4659.88,0.571,1.666,0.016,1.4271179123007414
4659.92,0.533,1.791,0.015,1.310950129657817
4659.93,0.5,1.847,0.018,1.20985611184646
4659.93,0.514,1.637,0.017,1.295246692717888
4659.95,0.578,1.75,0.016,1.1253829134213789
4659.96,0.522,1.932,0.019,1.0861313116909275
4659.97,0.548,1.808,0.016,1.1061539017209048
4659.99,0.548,1.516,0.017,1.1669622082924538
4660.0,0.541,1.821,0.019,1.4708607484352136
4660.0,0.526,1.69,0.017,1.11260906328913
4660.03,0.544,1.838,0.019,1.1288084028547751
4660.04,0.585,1.557,0.015,1.4856457448527984
4660.06,0.569,1.964,0.015,1.3787669879268476
4660.08,0.57,1.782,0.018,1.213825391247683
4660.1,0.515,1.533,0.016,1.4612828165799607
4660.1,0.563,1.662,0.017,1.0279495315244072
4660.11,0.51,1.862,0.017,1.4374822167592733
4660.12,0.528,1.804,0.017,1.4647341125166615
4660.13,0.512,1.733,0.016,1.2029840915014909
4660.19,0.528,1.841,0.015,1.17825018560328
4660.21,0.525,1.852,0.018,1.3418903085289677
4660.26,0.526,1.989,0.019,1.381061446685118
4660.37,0.586,1.664,0.016,1.4816323386135493
4660.37,0.567,1.743,0.015,1.3097984922792465
4660.38,0.574,1.938,0.018,1.2879447251908118
4660.4,0.507,1.978,0.018,1.0090295114459502
4660.4,0.597,1.885,0.019,1.0736202789829041
4660.4,0.562,1.585,0.017,1.2176538597236113
4660.41,0.504,1.815,0.016,1.4709939367205787
4660.42,0.506,1.923,0.016,1.3304283275293491
4660.45,0.545,1.695,0.017,1.3641144286373823
4660.46,0.58,1.642,0.015,1.3381044071049055
4660.46,0.505,1.577,0.016,1.1359486857956982
4660.5,0.504,1.922,0.017,1.1499223373916931
4660.51,0.537,1.741,0.015,1.4714708923699127
4660.53,0.53,1.988,0.017,1.2064343849145551
4660.55,0.535,1.519,0.017,1.4541259925648373
4660.55,0.524,1.626,0.016,1.07684559975387
4660.59,0.509,1.854,0.017,1.0892920202766245
4660.63,0.591,1.839,0.016,1.4603422814655027
4660.63,0.523,1.887,0.018,1.4738927956044017
4660.67,0.592,1.839,0.018,1.2549925086584939
4660.69,0.51,1.657,0.016,1.302000973765771
4660.74,0.541,1.876,0.016,1.1449650935680036
4660.74,0.572,1.697,0.016,1.1227773169758677
4660.75,0.577,1.626,0.019,1.3132463592636285
4660.78,0.584,1.953,0.018,1.0009435259374184
4660.78,0.551,1.74,0.017,1.325595978232951
4660.8,0.586,1.723,0.016,1.292735454885003
4660.82,0.552,1.761,0.018,1.4659546242189458
4660.84,0.596,1.608,0.017,1.3494975766801836
4660.86,0.55,1.786,0.017,1.0807972073047263
4660.86,0.56,1.679,0.019,1.4264258081579175
4660.88,0.588,1.88,0.018,1.4151938140625404
4660.88,0.579,1.749,0.017,1.4578581250693774
4660.88,0.517,1.713,0.019,1.169206567399552
4660.89,0.586,1.735,0.017,1.014950206851959
4660.89,0.526,1.905,0.015,1.3765264909967387
4660.89,0.561,1.608,0.016,1.3477670334596044
4660.9,0.563,1.626,0.017,1.315391503202617
4660.92,0.538,1.637,0.017,1.013172714963003
4660.94,0.507,1.789,0.017,1.0553098546143684
4660.95,0.535,1.657,0.015,1.3981202506425687
4660.95,0.527,1.794,0.019,1.2072872701589903
4660.99,0.59,1.833,0.019,1.3175055965860532
4661.03,0.591,1.529,0.018,1.395497572535683
4661.05,0.595,1.99,0.015,1.1877128242658106
4661.06,0.599,1.945,0.016,1.2768155494379885
4661.06,0.511,1.821,0.018,1.3746992484566187
4661.07,0.578,1.671,0.017,1.3242410361548593
4661.11,0.535,1.738,0.017,1.210291940827145
4661.12,0.518,1.91,0.018,1.4115257377097779
4661.15,0.591,1.806,0.016,1.1558219422735636
4661.16,0.544,1.891,0.017,1.3351846566829617
4661.17,0.505,1.547,0.019,1.2601918265932472
4661.19,0.539,1.562,0.017,1.2307131582473634
4661.2,0.532,1.963,0.015,1.3079176048367605
4661.21,0.552,1.544,0.017,1.0460217890334484
4661.23,0.568,1.987,0.015,1.094557584633075
4661.25,0.576,1.755,0.016,1.331277793468706
4661.27,0.527,1.971,0.015,1.0796878982485159
4661.28,0.595,1.98,0.019,1.240480530823978
4661.31,0.56,1.696,0.015,1.3249071582427276
4661.33,0.516,1.974,0.015,1.4734813245635483
4661.35,0.5,1.662,0.015,1.3266749691953497
4661.36,0.531,1.743,0.019,1.110235044843535
4661.36,0.54,1.518,0.017,1.4488678618322108
4661.37,0.529,1.749,0.019,1.1174927072268666
4661.37,0.515,1.901,0.017,1.2259445922152323
4661.4,0.584,1.869,0.015,1.2462590622744445
4661.4,0.535,1.668,0.016,1.3497168463066767
4661.42,0.546,1.905,0.019,1.336347520531359
4661.44,0.596,1.887,0.017,1.1179877506501763
4661.46,0.509,1.793,0.018,1.382336586925324
4661.47,0.52,1.961,0.016,1.0515240786150373
4661.47,0.525,1.975,0.016,1.488772534389832
4661.47,0.557,1.631,0.015,1.3762480411292988
4661.48,0.504,1.71,0.017,1.362046988088546
4661.51,0.584,1.738,0.019,1.0862888285673982
4661.53,0.595,1.663,0.019,1.2892162822019921
4661.55,0.524,1.701,0.015,1.482224717851524
4661.56,0.594,1.764,0.018,1.3249523263623826
4661.58,0.54,1.829,0.016,1.033525090360303
4661.59,0.549,1.945,0.017,1.0350228020275511
4661.64,0.549,1.757,0.019,1.3983661625806656
4661.67,0.572,1.623,0.016,1.2670650282895326
4661.69,0.586,1.51,0.017,1.1237373423652444
4661.7,0.513,1.647,0.016,1.0499471931287987
4661.71,0.575,1.72,0.016,1.0421781642510155
4661.71,0.578,1.835,0.019,1.2586455164519748
4661.72,0.518,1.548,0.017,1.2261308102465147
4661.74,0.588,1.935,0.016,1.0834580433131988
4661.74,0.59,1.88,0.017,1.3997846546629318
4661.78,0.562,1.53,0.017,1.0938110160534948
4661.78,0.587,1.705,0.015,1.1609229141891217
4661.78,0.537,1.852,0.019,1.2435734521719262
4661.8,0.501,1.913,0.018,1.1962973970177493
4661.81,0.553,1.778,0.015,1.0206866434642448
4661.81,0.581,1.736,0.016,1.0002108810369594
4661.82,0.53,1.918,0.019,1.348463750675626
4661.83,0.566,1.669,0.017,1.130322834069386
4661.84,0.552,1.702,0.015,1.1573308632222734
4661.84,0.522,1.659,0.017,1.3375872224939303
4661.87,0.507,1.64,0.015,1.1058686022298865
4661.88,0.563,1.926,0.016,1.296027720137984
4661.89,0.591,1.638,0.017,1.2918970837531019
4661.91,0.585,1.982,0.016,1.338375933118297
4661.96,0.582,1.727,0.019,1.266167335121212
4661.98,0.518,1.78,0.015,1.104171338128746
4661.99,0.556,1.852,0.018,1.4178226249078185
4661.99,0.51,1.669,0.015,1.0807658791917087
4662.02,0.516,1.798,0.019,1.3217277808963732
4662.05,0.544,1.837,0.019,1.0061665111654272
4662.05,0.527,1.554,0.019,1.0367697516094954
4662.06,0.541,1.804,0.016,1.0411337592329681
4662.07,0.549,1.95,0.016,1.08457197302522
4662.07,0.566,1.538,0.019,1.1606266893631065
4662.07,0.554,1.646,0.019,1.3650081448676312
4662.11,0.544,1.871,0.016,1.4755709280420213
4662.14,0.516,1.885,0.018,1.2296103105957228
4662.14,0.596,1.735,0.016,1.0421237129082208
4662.17,0.581,1.755,0.017,1.2177812847043743
4662.2,0.524,1.877,0.018,1.4922523116325759
4662.21,0.552,1.806,0.015,1.0388768951485001
4662.22,0.529,1.611,0.015,1.1620011860626083
4662.23,0.533,1.624,0.019,1.3308168782942777
4662.25,0.561,1.841,0.015,1.26499386175924
4662.26,0.535,1.954,0.016,1.360420763480544
4662.29,0.511,1.54,0.015,1.247763073092255
4662.37,0.555,1.858,0.019,1.0461663993351864
4662.37,0.529,1.596,0.018,1.1301467759517152
4662.41,0.573,1.65,0.018,1.0840683514579255
4662.42,0.586,1.582,0.015,1.2325853684961894
4662.45,0.508,1.781,0.015,1.0293567080561195
4662.45,0.582,1.585,0.018,1.4000173075134574
4662.47,0.531,1.983,0.019,1.0801835589349347
4662.5,0.504,1.719,0.018,1.4375434261882862
4662.52,0.513,1.61,0.018,1.3881856840304914
4662.52,0.587,1.827,0.016,1.4167498461305081
4662.53,0.581,1.544,0.016,1.1336018371690162
4662.56,0.54,1.611,0.017,1.4803219370547285
4662.56,0.552,1.901,0.019,1.1460340627389762
4662.57,0.524,1.761,0.018,1.0058469923754416
4662.58,0.524,1.987,0.016,1.011890867111512
4662.6,0.537,1.964,0.015,1.460212672149691
4662.61,0.561,1.557,0.018,1.3283080144120127
4662.62,0.516,1.716,0.018,1.22572312921876
4662.7,0.548,1.839,0.018,1.1119217870571398
4662.71,0.547,1.744,0.016,1.3634935313218932
4662.74,0.555,1.511,0.018,1.4861863845316496
4662.78,0.521,1.999,0.018,1.3557322847665914
4662.78,0.599,1.732,0.016,1.2290227154285556
4662.79,0.518,1.861,0.017,1.0616593582865614
4662.79,0.574,1.833,0.019,1.453234665262669
4662.8,0.515,1.982,0.019,1.3488979075097771
4662.8,0.596,1.7,0.015,1.1676729940520392
4662.81,0.515,1.914,0.016,1.2615355151821037
4662.81,0.558,1.639,0.017,1.2814561020711333
4662.82,0.523,1.983,0.015,1.411077752581575
4662.83,0.59,1.546,0.018,1.3945599261438402
4662.85,0.519,1.784,0.016,1.4372665141429557
4662.88,0.509,1.581,0.017,1.1453477054117154
4662.9,0.542,1.535,0.017,1.2383869670781067
4662.92,0.508,1.685,0.016,1.4724750672756861
4662.94,0.506,1.833,0.019,1.0391366946723768
4662.96,0.524,1.919,0.015,1.1484020615372565
4662.99,0.541,1.553,0.018,1.0609396033483338
4663.0,0.542,1.832,0.018,1.1284405126055814
4663.02,0.587,1.501,0.017,1.2920451347244213
4663.03,0.557,1.634,0.015,1.4408061604636893
4663.1,0.508,1.59,0.017,1.164832010829946
4663.1,0.582,1.659,0.016,1.3331986439478434
4663.11,0.587,1.596,0.015,1.2974820586141653
4663.12,0.575,1.639,0.015,1.4237071884025596
4663.12,0.563,1.779,0.017,1.4721477746077494
4663.13,0.568,1.703,0.018,1.303096941521555
4663.14,0.505,1.801,0.015,1.3201783447769881
4663.16,0.54,1.753,0.015,1.0496365650369466
4663.17,0.534,1.898,0.018,1.3688619162396747
4663.21,0.521,1.556,0.017,1.1138234360119477
4663.22,0.526,1.812,0.017,1.2392923710935182
4663.23,0.565,1.652,0.015,1.3988089933945869
4663.28,0.559,1.673,0.015,1.0448518623933427
4663.28,0.56,1.899,0.017,1.3487853624407586
4663.28,0.521,1.506,0.019,1.4278759403717878
4663.29,0.572,1.992,0.019,1.0957672324708503
4663.3,0.536,1.532,0.018,1.149289066622992
4663.3,0.579,1.725,0.016,1.1211269470692948
4663.32,0.589,1.753,0.017,1.286753899905532
4663.34,0.555,1.655,0.017,1.2196551794296475
4663.35,0.599,1.518,0.015,1.3911670182409608
4663.36,0.592,1.875,0.019,1.4531148236893334
4663.37,0.597,1.564,0.016,1.3858365601523313
4663.41,0.558,1.92,0.018,1.1100369384901385
4663.41,0.515,1.697,0.017,1.0762587386635987
4663.42,0.504,1.841,0.015,1.4314411298504184
4663.44,0.545,1.964,0.017,1.1582640109847304
4663.45,0.551,1.884,0.019,1.18096025700567
4663.47,0.563,1.5,0.015,1.3328405231303913
4663.47,0.574,1.648,0.016,1.0203146929242926
4663.49,0.586,1.786,0.015,1.3124764010675523
4663.5,0.516,1.709,0.019,1.4601859226867764
4663.51,0.595,1.888,0.016,1.045209265628677
4663.51,0.531,1.71,0.019,1.1473167753099824
4663.52,0.547,1.578,0.017,1.1708954623378915
4663.52,0.515,1.523,0.017,1.244442882936724
4663.54,0.593,1.906,0.016,1.3711001512492489
4663.55,0.58,1.778,0.015,1.4080197539990378
4663.57,0.577,1.954,0.016,1.201617395444672
4663.59,0.506,1.572,0.016,1.3152980359899276
4663.64,0.516,1.617,0.018,1.3629616275406327
4663.65,0.598,1.518,0.017,1.4937458389509177
4663.7,0.596,1.887,0.015,1.1914434580072957
4663.72,0.519,1.963,0.019,1.0147673817855387
4663.73,0.509,1.812,0.015,1.4231168252762991
4663.74,0.556,1.95,0.018,1.1398586340703876
4663.74,0.576,1.642,0.019,1.2642454903804952
4663.75,0.554,1.91,0.015,1.220020417632185
4663.76,0.523,1.573,0.017,1.0727662237027515
4663.76,0.576,1.757,0.019,1.2327764332056095
4663.76,0.568,1.662,0.018,1.3008709412120814
4663.79,0.545,1.658,0.019,1.2265108973298953
4663.8,0.587,1.783,0.016,1.3289127346221237
4663.81,0.515,1.932,0.019,1.180413961511744
4663.82,0.562,1.877,0.016,1.3550150995708354
4663.9,0.511,1.825,0.015,1.3594405534888505
4663.92,0.544,1.501,0.019,1.3164090544745064
4663.93,0.583,1.725,0.017,1.1070998079468268
4663.96,0.545,1.82,0.017,1.3817194925906668
4663.97,0.574,1.936,0.018,1.352504012677445
4663.99,0.579,1.858,0.016,1.4340908878792094
4664.01,0.558,1.918,0.016,1.1063192140715354
4664.02,0.575,1.826,0.016,1.0420550715769439
4664.03,0.558,1.689,0.016,1.260379571703776
4664.03,0.53,1.606,0.016,1.4928801477289428
4664.08,0.567,1.98,0.019,1.3677534817916406
4664.09,0.592,1.767,0.018,1.4278731246334178
4664.09,0.587,1.635,0.015,1.1276306614470986
4664.15,0.51,1.952,0.019,1.0362779568801486
4664.16,0.551,1.691,0.015,1.307960440487374
4664.17,0.509,1.882,0.017,1.3974137971080973
4664.18,0.572,1.783,0.015,1.4511497504912443
4664.18,0.515,1.654,0.018,1.0324102130654795
4664.18,0.567,1.518,0.015,1.128628057825057
4664.22,0.595,1.516,0.016,1.327593821673572
4664.22,0.599,1.801,0.019,1.3721227221693315
4664.23,0.509,1.713,0.015,1.2906391975239935
4664.25,0.52,1.923,0.016,1.4197435428792542
4664.25,0.562,1.573,0.019,1.2566376676163933
4664.28,0.594,1.839,0.019,1.2731791004887496
4664.29,0.574,1.606,0.019,1.3271005143687835
4664.29,0.507,1.809,0.017,1.2082976715638587
4664.3,0.539,1.628,0.019,1.1628117694365305
4664.33,0.551,1.762,0.018,1.3597534690554587
4664.38,0.593,1.758,0.017,1.1823924377663937
4664.44,0.516,1.995,0.015,1.3820452768244156
4664.46,0.543,1.611,0.016,1.4057329125073859
4664.48,0.562,1.508,0.018,1.0091912124160616
4664.49,0.507,1.771,0.017,1.293699930357993
4664.49,0.587,1.924,0.018,1.0669852742963828
4664.49,0.564,1.754,0.017,1.1614327471405184
4664.51,0.567,1.768,0.019,1.4584308459113935
4664.52,0.522,1.708,0.016,1.2160858146904239
4664.52,0.533,1.797,0.017,1.187661856312897
4664.55,0.525,1.672,0.017,1.4031001559033767
4664.56,0.58,1.591,0.016,1.2587350987607038
4664.57,0.517,1.728,0.016,1.453334898071633
4664.58,0.579,1.962,0.015,1.2567665241672104
4664.58,0.584,1.612,0.019,1.1780415712001044
4664.59,0.586,1.778,0.018,1.4276161393975564
4664.59,0.589,1.596,0.015,1.3390954766563234
4664.63,0.572,1.53,0.018,1.398375705436748
4664.64,0.509,1.984,0.018,1.1744109320252418
4664.64,0.514,1.702,0.015,1.2440809844756473
4664.67,0.547,1.667,0.015,1.104303962794146
4664.68,0.579,1.527,0.017,1.3591662396691557
4664.7,0.503,1.988,0.015,1.3016662197541264
4664.7,0.579,1.761,0.017,1.257283650853939
4664.72,0.596,1.729,0.019,1.164038894525925
4664.72,0.565,1.918,0.018,1.0373683215058678
4664.73,0.514,1.725,0.019,1.0436902717945027
4664.73,0.531,1.741,0.019,1.2936391874121298
4664.75,0.522,1.956,0.017,1.3706417485971918
4664.77,0.508,1.997,0.019,1.1730440307864431
4664.79,0.525,1.74,0.017,1.0981980476610147
4664.8,0.558,1.671,0.019,1.0364222680269037
4664.81,0.555,1.523,0.016,1.3832688009596388
4664.81,0.582,1.816,0.019,1.3880949564779193
4664.83,0.518,1.778,0.019,1.4450660139929323
4664.87,0.544,1.592,0.016,1.1883053668208368
4664.91,0.503,1.846,0.016,1.384360736973925
4664.91,0.598,1.928,0.016,1.1726949628544368
4664.92,0.599,1.751,0.015,1.4758160689451583
4664.93,0.518,1.521,0.018,1.0897895116785632
4664.94,0.517,1.968,0.019,1.0482464827098812
4664.95,0.504,1.697,0.015,1.483529661955357
4664.96,0.592,1.951,0.019,1.2504935824158419
4664.97,0.551,1.586,0.018,1.2835710683297286
4664.98,0.556,1.521,0.019,1.4025333314443178
4665.04,0.567,1.736,0.019,1.274009341940307
4665.04,0.511,1.785,0.015,1.2353395636053413
4665.05,0.524,1.608,0.015,1.2194809336253942
4665.06,0.529,1.625,0.018,1.2414749950367368
4665.06,0.506,1.818,0.018,1.0135387542157128
4665.09,0.512,1.94,0.017,1.1960712331025423
4665.09,0.586,1.68,0.019,1.3539092347778379
4665.11,0.558,1.868,0.017,1.4701615164665378
4665.11,0.528,1.767,0.019,1.4229255097008982
4665.12,0.514,1.784,0.015,1.3188237996464967
4665.13,0.544,1.909,0.016,1.1452024558468135
4665.15,0.513,1.529,0.018,1.200944476559394
4665.16,0.546,1.731,0.015,1.2593362280974842
4665.17,0.597,1.876,0.016,1.362599611952229
4665.18,0.589,1.962,0.019,1.2033494202083468
4665.2,0.538,1.951,0.019,1.0913460098321313
4665.23,0.59,1.76,0.016,1.3210815552559692
4665.25,0.51,1.89,0.018,1.0465122057616165
4665.26,0.545,1.711,0.017,1.201543831261123
4665.26,0.535,1.607,0.019,1.2582410965813786
4665.27,0.556,1.895,0.019,1.455506327559314
4665.27,0.585,1.851,0.015,1.4817121801969613
4665.3,0.573,1.618,0.016,1.099852286738331
4665.3,0.551,1.525,0.015,1.1333051025098713
4665.31,0.584,1.567,0.018,1.3571443293582666
4665.32,0.557,1.799,0.016,1.4392994584512995
4665.32,0.535,1.937,0.017,1.3122870083315024
4665.34,0.509,1.545,0.016,1.197283371422345
4665.35,0.558,1.603,0.015,1.459696239301832
4665.37,0.589,1.841,0.015,1.0637738690724627
4665.4,0.588,1.554,0.016,1.1838089622211145
4665.47,0.578,1.89,0.016,1.4838839677907394
4665.48,0.548,1.954,0.017,1.2894731221349631
4665.5,0.559,1.811,0.018,1.114317279071679
4665.56,0.579,1.797,0.019,1.2237559825955167
4665.56,0.553,1.705,0.016,1.4098157631986985
4665.58,0.531,1.548,0.019,1.3846580181354806
4665.58,0.522,1.63,0.019,1.476317287611407
4665.6,0.539,1.559,0.017,1.1513753644767855
4665.6,0.542,1.861,0.015,1.456536790105441
4665.61,0.587,1.982,0.019,1.0288991500750069
4665.61,0.508,1.686,0.015,1.0390531443735886
4665.62,0.504,1.963,0.019,1.2762431881210383
4665.64,0.561,1.566,0.018,1.120338625690103
4665.64,0.598,1.642,0.017,1.4534232230653121
4665.65,0.574,1.713,0.015,1.1264771401991924
4665.65,0.508,1.597,0.019,1.0767264184181187
4665.66,0.54,1.853,0.016,1.0449120052177858
4665.68,0.597,1.754,0.015,1.413962571124604
4665.69,0.567,1.669,0.015,1.4595027944431396
4665.69,0.531,1.53,0.015,1.401686684036247
4665.76,0.597,1.885,0.019,1.1875103154951354
4665.76,0.555,1.987,0.016,1.0529631357880926
4665.78,0.596,1.876,0.019,1.2576074226647833
4665.82,0.522,1.673,0.016,1.376253594059519
4665.84,0.571,1.994,0.019,1.1443919290980484
4665.85,0.548,1.76,0.016,1.37181967720981
4665.86,0.582,1.949,0.016,1.259229655092661
4665.86,0.529,1.505,0.017,1.0876141035493627
4665.87,0.588,1.751,0.019,1.1759268469322819
4665.88,0.51,1.965,0.015,1.168905795161016
4665.89,0.524,1.968,0.015,1.2713258540766756
4665.91,0.599,1.503,0.018,1.4988713455416378
4665.91,0.543,1.91,0.015,1.0101177578371197
4665.94,0.582,1.684,0.018,1.4445883386825975
4665.96,0.548,1.873,0.015,1.0938155813481998
4665.98,0.585,1.588,0.019,1.1701191291072437
4665.99,0.521,1.885,0.019,1.1506076759274562
4666.01,0.513,1.737,0.019,1.4309986397293775
4666.01,0.506,1.64,0.017,1.1755034201018986
4666.02,0.533,1.76,0.017,1.215009367750504
4666.03,0.576,1.559,0.015,1.2586390761789084
4666.06,0.58,1.96,0.015,1.3768464551151707
4666.07,0.505,1.811,0.018,1.0421775743542234
4666.09,0.5,1.801,0.019,1.0518244252739697
4666.09,0.522,1.553,0.019,1.3337954774327523
4666.11,0.527,1.904,0.015,1.000573433561844
4666.11,0.512,1.538,0.016,1.3620218063313945
4666.12,0.567,1.968,0.018,1.424619552883103
4666.13,0.547,1.501,0.018,1.0226604094966076
4666.13,0.519,1.617,0.015,1.1097372648647368
4666.15,0.591,1.848,0.016,1.326048998527107
4666.15,0.513,1.972,0.017,1.1862535156664993
4666.16,0.554,1.71,0.016,1.2276436097423706
4666.16,0.579,1.842,0.019,1.2662611523874392
4666.21,0.543,1.51,0.017,1.070406986591335
4666.22,0.547,1.509,0.017,1.376582330526405
4666.25,0.587,1.935,0.016,1.1263300523468134
4666.27,0.592,1.985,0.017,1.195297172443418
4666.28,0.514,1.811,0.018,1.381492127920802
4666.3,0.527,1.511,0.017,1.0391490524968015
4666.32,0.525,1.863,0.016,1.1228258336434331
4666.33,0.572,1.677,0.015,1.2779695358782746
4666.33,0.536,1.772,0.019,1.2845401650569395
4666.33,0.558,1.799,0.015,1.1608361231163389
4666.36,0.588,1.718,0.017,1.4606498759221358
4666.37,0.557,1.738,0.019,1.4181537940229074
4666.39,0.557,1.572,0.017,1.0020747605917093
4666.42,0.536,1.807,0.018,1.1924168710741132
4666.44,0.587,1.747,0.018,1.3668550740033618
4666.45,0.502,1.716,0.019,1.34204346757426
4666.46,0.518,1.685,0.016,1.1128181343884107
4666.47,0.552,1.902,0.016,1.4465510606529048
4666.49,0.556,1.928,0.015,1.1977064898930667
4666.5,0.586,1.56,0.019,1.4024440649146444
4666.5,0.535,1.878,0.016,1.4673564752316723
4666.52,0.59,1.936,0.018,1.179972750581451
4666.53,0.532,1.653,0.016,1.4588224706958144
4666.54,0.585,1.851,0.016,1.1584370889688906
4666.57,0.534,1.954,0.018,1.154311565352124
4666.58,0.502,1.508,0.017,1.0956711454245345
4666.59,0.502,1.653,0.017,1.4961054019055053
4666.61,0.521,1.547,0.015,1.1578324209618907
4666.64,0.503,1.659,0.017,1.137111722223475
4666.66,0.536,1.54,0.019,1.154803554842237
4666.66,0.564,1.51,0.018,1.117303897991953
4666.69,0.598,1.622,0.015,1.4968711970608772
4666.69,0.527,1.942,0.019,1.4466132246176804
4666.71,0.509,1.993,0.015,1.1217209898542264
4666.72,0.551,1.926,0.016,1.2525509655663667
4666.74,0.587,1.822,0.019,1.1496713265860672
4666.77,0.559,1.803,0.016,1.1082846645168547
4666.77,0.568,1.629,0.017,1.312306226214348
4666.79,0.507,1.976,0.016,1.3685090507619715
4666.8,0.523,1.837,0.016,1.4979446319070666
4666.8,0.537,1.754,0.018,1.4912576202965073
4666.81,0.587,1.794,0.018,1.024641617231159
4666.83,0.516,1.512,0.016,1.4649483677416744
4666.85,0.501,1.533,0.017,1.1335864403810483
4666.85,0.519,1.922,0.019,1.274637243715129
4666.85,0.502,1.845,0.015,1.045110482327086
4666.86,0.545,1.599,0.019,1.4970977441118016
4666.87,0.525,1.91,0.019,1.283109045487685
4666.88,0.509,1.725,0.017,1.2994498742452048
4666.89,0.509,1.666,0.015,1.2914734861640014
4666.91,0.575,1.729,0.016,1.2406270160521369
4666.92,0.527,1.622,0.017,1.3030301574162273
4666.94,0.559,1.862,0.015,1.025338212302021
4666.94,0.509,1.798,0.019,1.1975710739698169
4666.97,0.586,1.646,0.019,1.3075591010468226
4666.97,0.51,1.857,0.015,1.3290149874684394
4666.98,0.567,1.735,0.016,1.2684594996021508
4666.98,0.584,1.729,0.015,1.2274565285359191
4667.01,0.596,1.95,0.019,1.384456009299344
4667.01,0.557,1.914,0.018,1.3717877974110522
4667.04,0.58,1.811,0.016,1.4577055071901632
4667.09,0.542,1.969,0.018,1.21718461881207
4667.14,0.507,1.652,0.015,1.4871843606284012
4667.15,0.547,1.732,0.015,1.118878393476505
4667.18,0.521,1.703,0.017,1.3664356428160849
4667.19,0.517,1.81,0.018,1.4142235827549865
4667.19,0.558,1.951,0.018,1.3457302983124682
4667.19,0.574,1.681,0.019,1.009403751095165
4667.21,0.514,1.823,0.019,1.0546570027646989
4667.23,0.546,1.811,0.017,1.282958915934502
4667.24,0.504,1.756,0.016,1.2222357137827695
4667.28,0.519,1.768,0.018,1.1429742988617235
4667.33,0.577,1.673,0.018,1.4163642812343908
4667.34,0.59,1.685,0.015,1.4989662130228076
4667.34,0.558,1.507,0.016,1.070371341100449
4667.35,0.513,1.666,0.017,1.2989539398089702
4667.36,0.567,1.796,0.019,1.040809319021887
4667.39,0.554,1.558,0.018,1.1215528299757611
4667.44,0.591,1.795,0.016,1.406437613780494
4667.45,0.508,1.998,0.019,1.0926182565666644
4667.48,0.515,1.907,0.015,1.3113733509876764
4667.48,0.578,1.8,0.016,1.4922604442539855
4667.49,0.551,1.797,0.015,1.415804298114588
4667.51,0.583,1.664,0.017,1.4938201956976935
4667.51,0.573,1.987,0.017,1.496125343029464
4667.52,0.538,1.567,0.016,1.1802578363870655
4667.53,0.584,1.983,0.019,1.120960721728626
4667.53,0.536,1.566,0.015,1.3633032506794132
4667.55,0.575,1.699,0.015,1.222202339218212
4667.56,0.533,1.888,0.017,1.336592413848205
4667.6,0.545,1.726,0.017,1.1736889773555519
4667.61,0.551,1.605,0.016,1.1552706767978458
4667.63,0.537,1.79,0.016,1.0645623458440423
4667.65,0.56,1.783,0.015,1.1227992320287856
4667.68,0.523,1.726,0.018,1.1649576657705767
4667.68,0.515,1.842,0.016,1.4438155048887487
4667.69,0.549,1.84,0.018,1.3232764063232896
4667.69,0.564,1.67,0.019,1.3278629840840712
4667.73,0.587,1.988,0.019,1.0923286563616772
4667.73,0.527,1.764,0.017,1.3930992422881547
4667.76,0.588,1.523,0.017,1.107336968213865
4667.77,0.505,1.746,0.018,1.3866795466794821
4667.77,0.588,1.626,0.018,1.2417792844059465
4667.78,0.51,1.84,0.017,1.0266810695354642
4667.78,0.571,1.614,0.016,1.340808990883951
4667.79,0.509,1.914,0.016,1.1107916216204177
4667.79,0.581,1.642,0.019,1.038757913986394
4667.82,0.508,1.612,0.018,1.3116780982696759
4667.82,0.5,1.601,0.016,1.3865342126605855
4667.87,0.531,1.965,0.019,1.0728743039027835
4667.89,0.504,1.602,0.019,1.1646178212596785
4667.92,0.595,1.73,0.018,1.217335838622206
4667.93,0.581,1.946,0.017,1.4614820569202107
4667.99,0.546,1.809,0.019,1.487600261148562
4667.99,0.545,1.687,0.019,1.0842691167284402
4667.99,0.51,1.932,0.017,1.2901515184086132
4667.99,0.548,1.968,0.016,1.175389108794619
4667.99,0.509,1.765,0.018,1.0613064379248347
4668.0,0.542,1.517,0.016,1.2263088632573513
4668.0,0.575,1.529,0.018,1.1432834443989695
4668.01,0.578,1.93,0.016,1.4896508900445475
4668.03,0.556,1.958,0.015,1.2505407378324587
4668.04,0.573,1.786,0.017,1.1557033790753388
4668.09,0.58,1.947,0.017,1.1896970633291315
4668.1,0.518,1.72,0.018,1.00542580561702
4668.11,0.596,1.524,0.018,1.24326142682849
4668.13,0.559,1.871,0.017,1.39026317532799
4668.15,0.572,1.696,0.015,1.2456678047455825
4668.19,0.582,1.812,0.017,1.3610430602721113
4668.2,0.505,1.987,0.016,1.4352029436197709
4668.22,0.577,1.857,0.019,1.460909245890425
4668.24,0.537,1.732,0.018,1.36506500149018
4668.26,0.524,1.737,0.018,1.356148105619495
4668.26,0.548,1.669,0.016,1.0889215116066162
4668.26,0.569,1.57,0.016,1.1734742863698684
4668.27,0.597,1.601,0.015,1.226471356488263
4668.28,0.518,1.602,0.015,1.3250938634009328
4668.3,0.547,1.719,0.017,1.1441984255755187
4668.32,0.532,1.9,0.015,1.4088434641346987
4668.34,0.542,1.667,0.015,1.4233693097129472
4668.36,0.59,1.807,0.018,1.1270553746878285
4668.37,0.543,1.944,0.018,1.2563678244253067
4668.38,0.575,1.616,0.017,1.2183634538063437
4668.38,0.58,1.882,0.015,1.292546147422959
4668.4,0.565,1.942,0.019,1.0930255212591813
4668.41,0.523,1.788,0.019,1.3213503841140883
4668.45,0.599,1.991,0.017,1.1798519380255057
4668.45,0.549,1.977,0.018,1.4039801348546284
4668.45,0.548,1.982,0.016,1.477976265888016
4668.48,0.508,1.906,0.016,1.4940167374907152
4668.51,0.51,1.572,0.018,1.0465806264947854
4668.51,0.551,1.903,0.015,1.2784980882890487
4668.55,0.594,1.883,0.016,1.1448866459343592
4668.55,0.509,1.507,0.017,1.2371495613871395
4668.56,0.586,1.679,0.016,1.4228618377159095
4668.56,0.506,1.792,0.018,1.4472404360910867
4668.56,0.567,1.85,0.015,1.293061395108517
4668.62,0.56,1.733,0.016,1.334434449153443
4668.63,0.514,1.819,0.017,1.4496330417085592
4668.63,0.585,1.673,0.017,1.0816892854357947
4668.64,0.525,1.667,0.019,1.0119971480656758
4668.67,0.586,1.989,0.016,1.0539798656986283
4668.67,0.582,1.774,0.018,1.1530103166556407
4668.68,0.594,1.592,0.015,1.011603749429005
4668.71,0.551,1.927,0.019,1.008864353366656
4668.73,0.593,1.523,0.019,1.231956954733927
4668.73,0.522,1.824,0.016,1.2318298654821203
4668.74,0.555,1.62,0.015,1.0310963948403309
4668.74,0.59,1.875,0.018,1.3699660524379167
4668.76,0.536,1.998,0.015,1.0157982537199004
4668.76,0.58,1.946,0.016,1.050856124223772
4668.78,0.552,1.599,0.018,1.4489074483141635
4668.78,0.549,1.778,0.018,1.011791847117697
4668.78,0.512,1.599,0.017,1.0399022435427208
4668.79,0.568,1.942,0.015,1.3893187871337278
4668.79,0.537,1.975,0.017,1.035286334713788
4668.8,0.547,1.724,0.016,1.2048705639744388
4668.8,0.559,1.755,0.019,1.233412659734618
4668.81,0.592,1.836,0.016,1.3977232290028616
4668.82,0.555,1.949,0.015,1.1779975980654398
4668.82,0.592,1.699,0.017,1.1738343090423728
4668.85,0.57,1.769,0.015,1.3085981844927783
4668.85,0.536,1.941,0.017,1.2852839732174415
4668.89,0.574,1.587,0.015,1.3970733666635131
4668.9,0.516,1.505,0.019,1.0389388320746946
4668.92,0.597,1.861,0.019,1.299462370247408
4668.92,0.591,1.972,0.016,1.3124223112306734
4668.93,0.559,1.891,0.019,1.1493967741466733
4668.96,0.53,1.558,0.015,1.4501952398245952
4668.99,0.547,1.599,0.017,1.0017147376095654
4668.99,0.509,1.666,0.019,1.3686018293492141
4669.01,0.566,1.526,0.018,1.244213660388669
4669.06,0.519,1.503,0.018,1.4122242718356572
4669.07,0.5,1.691,0.018,1.094572106446715
4669.1,0.534,1.558,0.019,1.3394359088870122
4669.11,0.529,1.795,0.017,1.3670422417692523
4669.13,0.545,1.95,0.018,1.002601258330545
4669.14,0.516,1.943,0.018,1.24881005317699
4669.14,0.564,1.92,0.016,1.0664911314393086
4669.14,0.574,1.642,0.017,1.3991109605292942
4669.15,0.516,1.811,0.016,1.4153220165652889
4669.19,0.57,1.868,0.019,1.377092696793649
4669.21,0.534,1.93,0.016,1.0294794328712196
4669.22,0.516,1.676,0.018,1.002527280043243
4669.23,0.52,1.523,0.015,1.318050488990699
4669.23,0.559,1.89,0.015,1.346802567540843
4669.26,0.588,1.709,0.015,1.1619027827503945
4669.27,0.557,1.728,0.018,1.0704918487172483
4669.29,0.593,1.586,0.017,1.1721315966183086
4669.31,0.513,1.872,0.019,1.444053509088015
4669.32,0.515,1.777,0.015,1.0734489989228047
4669.33,0.565,1.689,0.019,1.1670893066645676
4669.34,0.516,1.955,0.019,1.4812812390363619
4669.34,0.589,1.983,0.019,1.3886642141281136
4669.38,0.5,1.505,0.016,1.4092494528958373
4669.39,0.516,1.681,0.017,1.286504235801198
4669.39,0.503,1.953,0.015,1.3849261007092406
4669.4,0.577,1.803,0.015,1.2001996806959216
4669.43,0.561,1.669,0.019,1.3054118648189084
4669.44,0.56,1.59,0.018,1.4991549441157503
4669.45,0.565,1.728,0.016,1.3684674551018736
4669.45,0.584,1.984,0.018,1.316135790897721
4669.46,0.598,1.536,0.018,1.499799362270246
4669.47,0.591,1.616,0.019,1.0972276618480108
4669.48,0.504,1.888,0.018,1.3365436947861737
4669.48,0.582,1.754,0.019,1.486627193331755
4669.49,0.504,1.51,0.016,1.0497593978220134
4669.5,0.581,1.551,0.015,1.0075248953047657
4669.5,0.509,1.572,0.019,1.3207154466984643
4669.51,0.525,1.888,0.017,1.4864977227898186
4669.52,0.58,1.745,0.017,1.2234898437792026
4669.52,0.55,1.653,0.015,1.4653805772120532
4669.53,0.587,1.722,0.015,1.2560142926331785
4669.53,0.527,1.694,0.015,1.4960129777844144
4669.54,0.588,1.944,0.016,1.3452229862110425
4669.55,0.538,1.695,0.015,1.4920698789476619
4669.59,0.515,1.61,0.015,1.4315745677817775
4669.6,0.573,1.689,0.015,1.188702493487035
4669.61,0.585,1.502,0.019,1.2245008620949298
4669.64,0.552,1.777,0.018,1.3873883684126957
4669.64,0.539,1.706,0.015,1.1725247898774154
4669.69,0.581,1.745,0.019,1.371134248564264
4669.7,0.587,1.976,0.015,1.2138864770757043
4669.72,0.537,1.939,0.016,1.1876759027266024
4669.77,0.501,1.725,0.017,1.2047215458672
4669.77,0.505,1.632,0.015,1.4122240152767491
4669.8,0.557,1.694,0.019,1.2487113882602274
4669.81,0.537,1.841,0.015,1.483650667901232
4669.83,0.538,1.875,0.016,1.0919937668159574
4669.84,0.541,1.928,0.017,1.1410708583034463
4669.85,0.512,1.532,0.015,1.3809572444976286
4669.85,0.568,1.989,0.015,1.4159453887210884
4669.86,0.598,1.762,0.018,1.4217726137836753
4669.86,0.549,1.794,0.015,1.387942746711221
4669.87,0.501,1.882,0.018,1.2602019650628935
4669.88,0.594,1.823,0.017,1.2842537598128052
4669.88,0.596,1.663,0.017,1.3532926517239214
4669.88,0.536,1.803,0.019,1.2216928838250798
4669.89,0.507,1.665,0.019,1.0795683485835836
4669.91,0.527,1.534,0.019,1.4430102078737936
4669.94,0.503,1.649,0.017,1.2195177207106822
4669.95,0.598,1.988,0.018,1.4930533784906026
4669.96,0.571,1.929,0.019,1.2698705053982065
4669.97,0.506,1.924,0.018,1.2392231477598092
4669.98,0.589,1.904,0.016,1.3511959912149578
4669.98,0.515,1.814,0.019,1.2862553442213276
4669.99,0.599,1.831,0.017,1.0782021373522634
4670.04,0.532,1.768,0.017,1.4592634177163848
4670.04,0.595,1.924,0.018,1.002196360232431
4670.04,0.558,1.992,0.017,1.2645168187458586
4670.05,0.522,1.563,0.019,1.3008411432975053
4670.06,0.555,1.955,0.018,1.0645381017726296
4670.06,0.526,1.835,0.019,1.4115837227710548
4670.07,0.505,1.726,0.019,1.353379166592644
4670.08,0.539,1.932,0.017,1.1635094962984152
4670.09,0.577,1.951,0.017,1.4505600679902375
4670.1,0.587,1.736,0.016,1.034618007215016
4670.16,0.552,1.761,0.016,1.2393121370637559
4670.16,0.52,1.716,0.015,1.010010450127559
4670.17,0.562,1.989,0.015,1.3238497772585927
4670.17,0.577,1.697,0.015,1.1845128200526065
4670.18,0.588,1.914,0.016,1.4074744067029639
4670.18,0.542,1.766,0.019,1.3791130052533978
4670.2,0.507,1.696,0.015,1.2451990041266074
4670.2,0.505,1.897,0.016,1.1679154167655312
4670.22,0.596,1.946,0.019,1.498502740366044
4670.24,0.531,1.64,0.015,1.3627418551596988
4670.28,0.592,1.815,0.018,1.2041165945071486
4670.28,0.555,1.687,0.015,1.015908676634606
4670.3,0.508,1.634,0.017,1.1684116246188523
4670.35,0.55,1.561,0.016,1.0563378546675073
4670.35,0.561,1.726,0.018,1.3440307638398863
4670.36,0.592,1.691,0.015,1.0804817268001468
4670.37,0.561,1.986,0.018,1.4283878853216319
4670.38,0.545,1.957,0.016,1.2952777282351893
4670.39,0.541,1.584,0.016,1.0044270253590653
4670.4,0.583,1.549,0.019,1.3294007411362236
4670.42,0.598,1.723,0.015,1.3752394371741836
4670.43,0.559,1.665,0.018,1.032634648462706
4670.44,0.595,1.924,0.015,1.274944542977745
4670.46,0.582,1.621,0.018,1.2081268894566817
4670.47,0.543,1.851,0.017,1.2185457338794068
4670.47,0.524,1.641,0.016,1.1606123419338754
4670.47,0.563,1.843,0.018,1.0254480208415617
4670.48,0.596,1.685,0.018,1.1030108619045884
4670.51,0.502,1.706,0.017,1.4240536574095162
4670.53,0.512,1.889,0.019,1.3046651230985615
4670.53,0.583,1.802,0.017,1.133824741227839
4670.54,0.525,1.623,0.016,1.4483405571105512
4670.54,0.594,1.732,0.018,1.220458580830812
4670.55,0.519,1.873,0.017,1.1676735646600447
4670.56,0.548,1.552,0.019,1.0731024752207903
4670.57,0.554,1.924,0.017,1.1918196756078063
4670.58,0.5,1.547,0.019,1.3354719811855915
4670.58,0.513,1.577,0.016,1.1522451197967611
4670.59,0.539,1.577,0.017,1.0846954035122156
4670.64,0.567,1.874,0.018,1.201570219462341
4670.66,0.572,1.882,0.016,1.4768192350097082
4670.66,0.554,1.725,0.019,1.3877913668277986
4670.69,0.517,1.551,0.016,1.4708872637610801
4670.7,0.585,1.831,0.017,1.1526038519403552
4670.71,0.566,1.823,0.016,1.0612870533334087
4670.73,0.517,1.992,0.019,1.4774809711510115
4670.74,0.547,1.813,0.016,1.4679128857810932
4670.77,0.57,1.708,0.017,1.1703351631549967
4670.78,0.516,1.803,0.017,1.0144908820191865
4670.78,0.546,1.84,0.017,1.4593191780264991
4670.79,0.54,1.646,0.015,1.407676631724922
4670.89,0.512,1.85,0.017,1.4196171612664108
4670.89,0.511,1.595,0.017,1.4385133587799401
4670.91,0.568,1.809,0.016,1.1611625811003403
4670.91,0.582,1.748,0.015,1.2416153448476002
4670.91,0.518,1.872,0.016,1.4694479666552762
4670.92,0.517,1.894,0.015,1.3454586966624345
4670.92,0.566,1.532,0.019,1.0654015732731181
4670.94,0.514,1.787,0.016,1.1283888616381876
4670.94,0.503,1.525,0.018,1.1530406104130855
4670.96,0.586,1.518,0.016,1.0711531706325694
4670.98,0.504,1.879,0.015,1.117559434949507
4670.99,0.562,1.755,0.015,1.4917910255107816
4671.03,0.596,1.993,0.017,1.0203390204377158
4671.04,0.565,1.541,0.019,1.043821363816944
4671.05,0.583,1.618,0.015,1.1458478162651486
4671.05,0.535,1.769,0.018,1.4316719577310129
4671.05,0.553,1.954,0.019,1.3810891348859924
4671.05,0.589,1.593,0.017,1.0730969822020358
4671.06,0.546,1.621,0.016,1.3713054861527152
4671.08,0.578,1.92,0.019,1.1400414004545496
4671.1,0.516,1.802,0.019,1.2500980312694117
4671.13,0.573,1.95,0.017,1.428559670796916
4671.14,0.59,1.616,0.016,1.169973525694681
4671.15,0.597,1.8,0.018,1.1072156311402055
4671.19,0.548,1.598,0.015,1.283441072852373
4671.2,0.519,1.929,0.015,1.4713711642477514
4671.23,0.54,1.659,0.015,1.24631080090967
4671.24,0.528,1.912,0.015,1.200032348813543
4671.25,0.519,1.642,0.015,1.0805859595220706
4671.26,0.591,1.98,0.017,1.0828333166476705
4671.27,0.556,1.919,0.019,1.1956288109376632
4671.28,0.579,1.827,0.019,1.0588751092638173
4671.3,0.576,1.838,0.016,1.3521474551013188
4671.31,0.535,1.644,0.019,1.1761039739544383
4671.31,0.591,1.966,0.018,1.0264870128315238
4671.37,0.591,1.858,0.015,1.4208779443855812
4671.39,0.547,1.59,0.018,1.4403875314442396
4671.41,0.538,1.775,0.015,1.0419389602234226
4671.44,0.504,1.715,0.015,1.197324357486502
4671.47,0.586,1.74,0.016,1.3082274987534126
4671.48,0.557,1.818,0.018,1.2394093413641776
4671.48,0.591,1.838,0.017,1.182242847340063
4671.49,0.544,1.707,0.018,1.0944816476787345
4671.5,0.512,1.792,0.019,1.0335598876978997
4671.54,0.511,1.745,0.019,1.3368370800551532
4671.55,0.515,1.86,0.016,1.187807251741197
4671.55,0.526,1.606,0.019,1.4826628044075987
4671.56,0.573,1.631,0.017,1.0785072533928688
4671.56,0.544,1.539,0.016,1.107395029993024
4671.57,0.544,1.89,0.017,1.261352635643648
4671.64,0.587,1.88,0.019,1.4294345562724695
4671.65,0.53,1.735,0.018,1.1425563134711656
4671.66,0.561,1.73,0.017,1.2911891524465093
4671.7,0.508,1.539,0.019,1.2014042386153434
4671.72,0.535,1.691,0.016,1.4277345925742613
4671.74,0.525,1.791,0.019,1.144349105708752
4671.74,0.505,1.569,0.016,1.3785745980093858
4671.8,0.524,1.713,0.017,1.1897721155846501
4671.82,0.582,1.724,0.018,1.4229028199630112
4671.83,0.599,1.885,0.016,1.1273411828194164
4671.86,0.558,1.747,0.019,1.4387211743500794
4671.88,0.545,1.758,0.015,1.1918086889797181
4671.95,0.582,1.779,0.016,1.033044425137784
4671.99,0.573,1.547,0.017,1.2900416032622388
4671.99,0.566,1.576,0.019,1.3321470358024685
4672.0,0.569,1.507,0.019,1.4507446121331387
4672.01,0.583,1.86,0.018,1.3453862776011567
4672.01,0.593,1.504,0.017,1.2648908521937643
4672.05,0.567,1.654,0.017,1.0262656932616172
4672.05,0.578,1.91,0.015,1.317842867246263
4672.08,0.558,1.743,0.019,1.094958953133161
4672.08,0.501,1.996,0.016,1.4197176618208887
4672.12,0.543,1.569,0.015,1.0512530785065257
4672.17,0.535,1.817,0.017,1.02170270210012
4672.2,0.515,1.8,0.018,1.011070289719953
4672.2,0.537,1.656,0.015,1.2078259706790193
4672.21,0.505,1.75,0.017,1.0600075646955585
4672.25,0.506,1.645,0.015,1.1535684830256496
4672.29,0.578,1.948,0.017,1.3077229716270584
4672.31,0.593,1.917,0.019,1.3761624592072006
4672.34,0.57,1.707,0.018,1.2273154119828342
4672.35,0.521,1.535,0.015,1.0944435891489626
4672.36,0.568,1.601,0.019,1.2300175154567206
4672.38,0.563,1.962,0.018,1.2711338480153684
4672.41,0.529,1.886,0.016,1.0322617641456653
4672.42,0.501,1.96,0.018,1.0203855789063967
4672.45,0.54,1.932,0.019,1.3553236460574656
4672.46,0.583,1.765,0.019,1.3646899418565686
4672.48,0.539,1.892,0.017,1.4569304254051725
4672.48,0.526,1.538,0.016,1.3001662605714581
4672.56,0.592,1.732,0.016,1.198080254620748
4672.59,0.587,1.952,0.019,1.0584374474289029
4672.59,0.579,1.874,0.015,1.4697726740736565
4672.59,0.542,1.719,0.017,1.0818944387803338
4672.6,0.5,1.562,0.017,1.4702284753093364
4672.6,0.573,1.668,0.015,1.169349906801204
4672.61,0.514,1.511,0.017,1.1324051867594906
4672.64,0.54,1.718,0.018,1.0718906156623504
4672.65,0.572,1.667,0.018,1.0572429032754613
4672.66,0.562,1.853,0.019,1.0577848433071728
4672.67,0.553,1.787,0.019,1.4084981936835792
4672.71,0.537,1.954,0.015,1.246255215883822
4672.71,0.514,1.83,0.015,1.1819304228689942
4672.73,0.59,1.816,0.016,1.0724805846879928
4672.75,0.52,1.952,0.017,1.2313163076776452
4672.75,0.584,1.651,0.018,1.3441267011707252
4672.76,0.589,1.509,0.018,1.1029065181410078
4672.78,0.565,1.528,0.017,1.0335794639847393
4672.78,0.525,1.669,0.017,1.0263706036199804
4672.84,0.546,1.596,0.018,1.4419147547852424
4672.87,0.544,1.636,0.019,1.4913912667610532
4672.9,0.57,1.684,0.017,1.4498258689900128
4672.91,0.549,1.641,0.017,1.018061261611852
4672.97,0.599,1.583,0.016,1.3506648943025148
4672.97,0.56,1.687,0.018,1.3916719985006665
4672.97,0.548,1.961,0.018,1.232565089890874
4672.97,0.591,1.62,0.019,1.0482117715633343
4672.97,0.52,1.533,0.019,1.3294207065864085
4673.0,0.589,1.637,0.015,1.413163141179761
4673.01,0.542,1.644,0.015,1.3444847607668626
4673.02,0.551,1.839,0.017,1.075941295993868
4673.04,0.53,1.707,0.017,1.0708887183035176
4673.05,0.579,1.514,0.016,1.2857894090680508
4673.06,0.59,1.971,0.019,1.0462278074491191
4673.07,0.532,1.926,0.019,1.2203382622479033
4673.09,0.512,1.622,0.015,1.4223352398376212
4673.09,0.502,1.561,0.019,1.1371762252609698
4673.09,0.594,1.7,0.019,1.2614105745589432
4673.1,0.558,1.521,0.018,1.4907994854428874
4673.11,0.583,1.864,0.019,1.2446990125834638
4673.11,0.512,1.526,0.017,1.486321160782433
4673.12,0.569,1.826,0.019,1.4980925825308187
4673.12,0.593,1.606,0.018,1.385162232599993
4673.13,0.503,1.808,0.017,1.4066410354762864
4673.16,0.544,1.627,0.018,1.169024826668158
4673.21,0.557,1.728,0.018,1.149704711608022
4673.22,0.518,1.901,0.019,1.1732361568254082
4673.23,0.596,1.988,0.016,1.0194574295519843
4673.23,0.516,1.956,0.015,1.2773055650858072
4673.23,0.514,1.569,0.017,1.232212848336648
4673.24,0.562,1.936,0.018,1.4170026285217587
4673.28,0.587,1.548,0.018,1.2412176015594418
4673.29,0.514,1.562,0.019,1.3465556991171046
4673.32,0.511,1.571,0.018,1.045904348168748
4673.32,0.576,1.626,0.016,1.3124987038269176
4673.32,0.565,1.701,0.019,1.372318634422381
4673.33,0.507,1.614,0.015,1.2284979703674743
4673.34,0.579,1.78,0.017,1.477151415189214
4673.35,0.578,1.819,0.016,1.0061786129962282
4673.36,0.552,1.883,0.016,1.4936125068745905
4673.36,0.543,1.966,0.017,1.135479355896009
4673.42,0.567,1.505,0.017,1.330573311418895
4673.45,0.589,1.884,0.015,1.114779209742553
4673.45,0.537,1.77,0.017,1.3293986693500863
4673.46,0.51,1.961,0.018,1.3119225720458334
4673.46,0.571,1.764,0.017,1.0532466800431362
4673.47,0.583,1.687,0.017,1.2730043839516152
4673.49,0.528,1.931,0.017,1.4468821505894445
4673.49,0.589,1.947,0.015,1.1099776770601502
4673.5,0.511,1.603,0.015,1.0654430066171194
4673.5,0.56,1.586,0.017,1.1052746349221385
4673.51,0.539,1.866,0.016,1.199973271335233
4673.54,0.567,1.805,0.017,1.22377212073886
4673.56,0.562,1.529,0.019,1.1844979481550562
4673.58,0.548,1.609,0.015,1.3739162567774783
4673.58,0.583,1.983,0.019,1.4474870498187538
4673.59,0.517,1.595,0.017,1.1903200320813516
4673.6,0.509,1.709,0.019,1.413283112366914
4673.61,0.521,1.781,0.017,1.2229910602034675
4673.63,0.511,1.774,0.019,1.368716685525576
4673.63,0.517,1.983,0.019,1.029355029540668
4673.64,0.515,1.511,0.019,1.2461126431425429
4673.65,0.543,1.782,0.018,1.129798143653714
4673.67,0.532,1.611,0.017,1.013034389965165
4673.67,0.527,1.59,0.019,1.4041710827428986
4673.68,0.569,1.99,0.017,1.2390741269170387
4673.71,0.565,1.755,0.018,1.0661390736103655
4673.71,0.515,1.922,0.015,1.2425471780270834
4673.73,0.541,1.912,0.016,1.0088915225169408
4673.75,0.518,1.909,0.015,1.3693492514277386
4673.75,0.523,1.538,0.018,1.4545538189974687
4673.82,0.572,1.909,0.019,1.4402233614494115
4673.82,0.5,1.747,0.015,1.1870751869569445
4673.83,0.53,1.597,0.016,1.329200448359909
4673.88,0.514,1.614,0.018,1.0053172783326725
4673.89,0.518,1.939,0.019,1.2059206246974652
4673.9,0.538,1.953,0.019,1.0587599802485463
4673.93,0.579,1.923,0.019,1.4590604032043593
4673.94,0.57,1.544,0.018,1.095422459081046
4673.95,0.531,1.866,0.016,1.150378848669352
4673.97,0.596,1.504,0.019,1.3641757918337427
4673.97,0.518,1.5,0.015,1.4657319272785916
4673.98,0.583,1.856,0.016,1.2997880893705387
4673.99,0.556,1.514,0.015,1.104209585474218
4674.01,0.547,1.777,0.018,1.4414363332148106
4674.01,0.574,1.639,0.016,1.2375343904346674
4674.01,0.559,1.715,0.018,1.0090193181289446
4674.02,0.592,1.967,0.015,1.1455101858247698
4674.03,0.533,1.823,0.017,1.476720878072491
4674.04,0.517,1.699,0.015,1.3831125045484758
4674.05,0.509,1.513,0.019,1.0452786454589722
4674.05,0.526,1.821,0.016,1.3658319611075924
4674.1,0.517,1.943,0.018,1.431182773964037
4674.13,0.566,1.786,0.018,1.40517185249118
4674.15,0.534,1.815,0.017,1.400189696751065
4674.17,0.57,1.785,0.015,1.2202743555583242
4674.18,0.553,1.531,0.015,1.2542954949578857
4674.2,0.533,1.729,0.016,1.0594628301420717
4674.24,0.579,1.814,0.015,1.45562377202355
4674.27,0.549,1.591,0.016,1.3623794788461792
4674.29,0.539,1.627,0.016,1.027222435721308
4674.3,0.53,1.611,0.018,1.3901579021491552
4674.3,0.595,1.929,0.016,1.2660848077464284
4674.32,0.599,1.874,0.017,1.3035707003620725
4674.32,0.509,1.708,0.015,1.4800103011978953
4674.36,0.572,1.801,0.015,1.2084688726757902
4674.36,0.508,1.633,0.017,1.282183606188923
4674.37,0.582,1.644,0.018,1.2388201582221448
4674.44,0.524,1.864,0.016,1.4752243202100095
4674.44,0.531,1.92,0.016,1.3220751625346245
4674.45,0.536,1.923,0.019,1.1405899748128676
4674.47,0.534,1.518,0.017,1.2212374359558837
4674.47,0.557,1.945,0.018,1.1474042332596845
4674.51,0.591,1.88,0.017,1.325751335937827
4674.51,0.561,1.941,0.019,1.0617951072790932
4674.53,0.599,1.795,0.016,1.324076214856626
4674.54,0.528,1.88,0.015,1.196563122644989
4674.56,0.563,1.953,0.019,1.0498609753047516
4674.56,0.551,1.576,0.018,1.1845727428969726
4674.58,0.531,1.501,0.017,1.1562094450561204
4674.59,0.576,1.841,0.017,1.1378694653590364
4674.65,0.555,1.869,0.017,1.1308780768231141
4674.66,0.546,1.818,0.016,1.1449565389818053
4674.67,0.59,1.926,0.019,1.4094052296689572
4674.67,0.528,1.945,0.015,1.4582458108345728
4674.68,0.557,1.751,0.017,1.3626557759196087
4674.7,0.588,1.614,0.016,1.1004095524800397
4674.7,0.593,1.701,0.015,1.1276518152299484
4674.71,0.544,1.715,0.019,1.13261970057432
4674.72,0.588,1.962,0.016,1.2409484450611714
4674.76,0.553,1.643,0.016,1.2096085544198074
4674.82,0.51,1.73,0.015,1.2733693754190378
4674.82,0.591,1.749,0.015,1.375972160345482
4674.83,0.543,1.814,0.019,1.4662013358491541
4674.86,0.528,1.512,0.016,1.209525436566022
4674.88,0.583,1.645,0.016,1.1341201609133946
4674.89,0.524,1.86,0.018,1.1388433643197724
4674.89,0.555,1.625,0.018,1.0662939164208367
4674.91,0.565,1.763,0.016,1.463383781873896
4674.92,0.583,1.63,0.015,1.1059113814951997
4674.93,0.528,1.591,0.017,1.0243040815360889
4674.93,0.543,1.884,0.016,1.2676184786164182
4674.93,0.563,1.565,0.016,1.2841159987000288
4674.94,0.598,1.886,0.017,1.1618147050817786
4674.98,0.521,1.547,0.019,1.2196117843866916
4675.01,0.525,1.71,0.016,1.3047722661762489
4675.01,0.598,1.795,0.018,1.356561354069137
4675.02,0.599,1.845,0.016,1.3137435516894027
4675.02,0.585,1.506,0.017,1.3233659443347126
4675.03,0.5,1.988,0.019,1.0319721031899192
4675.03,0.546,1.753,0.018,1.4677982395918803
4675.08,0.537,1.783,0.016,1.4686854157206681
4675.09,0.542,1.567,0.019,1.2036919109990418
4675.09,0.502,1.76,0.015,1.0554469415242733
4675.09,0.519,1.641,0.016,1.4019333399608762
4675.1,0.579,1.83,0.017,1.3553349998418593
4675.11,0.513,1.816,0.019,1.3213211191621488
4675.11,0.573,1.706,0.019,1.2840068926829686
4675.13,0.548,1.864,0.018,1.3799948410719094
4675.13,0.538,1.941,0.017,1.1096209302327367
4675.13,0.586,1.875,0.017,1.0558940218864143
4675.15,0.559,1.543,0.016,1.4118705349924607
4675.16,0.549,1.74,0.015,1.3614134026561875
4675.18,0.573,1.685,0.018,1.051057792398694
4675.2,0.533,1.586,0.016,1.3888129508511249
4675.21,0.588,1.619,0.015,1.0146697055723672
4675.22,0.584,1.684,0.015,1.419160040948067
4675.23,0.556,1.946,0.015,1.0228552595092322
4675.26,0.526,1.653,0.017,1.2445325451675329
4675.26,0.554,1.978,0.018,1.2841100531343916
4675.29,0.558,1.543,0.016,1.3612250344996004
4675.29,0.516,1.935,0.015,1.473554893446937
4675.3,0.576,1.838,0.015,1.1475576721454857
4675.32,0.54,1.56,0.017,1.1654910207237896
4675.34,0.591,1.985,0.016,1.2581257509465362
4675.35,0.502,1.936,0.017,1.3731970826748503
4675.36,0.575,1.627,0.019,1.3881693466925416
4675.36,0.502,1.684,0.016,1.2099786466784463
4675.37,0.537,1.586,0.019,1.4804514092501972
4675.4,0.544,1.984,0.019,1.3245221024423717
4675.4,0.55,1.577,0.018,1.256735539727607
4675.42,0.51,1.575,0.017,1.4380818144970628
4675.43,0.599,1.779,0.017,1.1365118230611122
4675.46,0.537,1.884,0.019,1.422978043432923
4675.46,0.523,1.893,0.017,1.101207611055982
4675.46,0.528,1.591,0.018,1.2153636226199427
4675.49,0.566,1.711,0.017,1.40431478479917
4675.51,0.544,1.654,0.015,1.0638540156611056
4675.52,0.518,1.984,0.015,1.2841246406451268
4675.53,0.503,1.791,0.016,1.196815479145836
4675.53,0.556,1.902,0.019,1.4407519852253707
4675.55,0.542,1.985,0.016,1.376674609402032
4675.56,0.504,1.578,0.018,1.0559246592641394
4675.58,0.529,1.558,0.019,1.1717014567792117
4675.61,0.574,1.638,0.015,1.0422120363579261
4675.61,0.513,1.837,0.015,1.387278358836894
4675.62,0.55,1.772,0.015,1.3045487021731303
4675.62,0.564,1.714,0.018,1.1668651553231322
4675.63,0.563,1.947,0.018,1.3700834236241506
4675.65,0.501,1.882,0.018,1.3325932725168883
4675.68,0.546,1.777,0.016,1.261883634864349
4675.7,0.584,1.897,0.019,1.1930604308035906
4675.77,0.539,1.909,0.017,1.4852777197872373
4675.77,0.577,1.584,0.018,1.004632785277005
4675.84,0.541,1.716,0.019,1.28981921759693
4675.88,0.549,1.893,0.016,1.3987604599315562
4675.88,0.597,1.664,0.015,1.4606990278210965
4675.88,0.594,1.715,0.018,1.1598604201336469
4675.92,0.592,1.919,0.018,1.4561547189661947
4675.93,0.559,1.59,0.017,1.2987566085080355
4675.94,0.577,1.653,0.016,1.1744685584898937
4675.94,0.535,1.882,0.019,1.2151955189541277
4675.95,0.544,1.941,0.015,1.2929489587583483
4675.95,0.581,1.828,0.018,1.2494173202654704
4675.97,0.521,1.999,0.017,1.4547186498179827
4676.02,0.5,1.576,0.019,1.3213634590546826
4676.03,0.509,1.58,0.017,1.083365283927804
4676.05,0.53,1.744,0.015,1.2628878790091846
4676.07,0.533,1.608,0.016,1.2193997723379744
4676.08,0.508,1.541,0.018,1.4152229933405474
4676.08,0.517,1.554,0.017,1.1726764787669852
4676.11,0.52,1.677,0.017,1.4738368754475726
4676.11,0.53,1.915,0.017,1.0140446556243918
4676.12,0.525,1.828,0.015,1.139649715749559
4676.15,0.574,1.947,0.016,1.205047541840684
4676.17,0.533,1.779,0.017,1.0917220542577288
4676.18,0.588,1.717,0.015,1.1306200175566983
4676.23,0.585,1.787,0.015,1.0872701599077745
4676.23,0.545,1.989,0.017,1.3135801720303486
4676.23,0.503,1.515,0.017,1.2477360737491703
4676.24,0.537,1.79,0.017,1.156582320530208
4676.25,0.532,1.561,0.017,1.1565371384203798
4676.25,0.59,1.537,0.019,1.3936372335316771
4676.26,0.505,1.679,0.017,1.2718432812457254
4676.26,0.596,1.575,0.017,1.3519558116874306
4676.31,0.598,1.77,0.018,1.0409155544907636
4676.32,0.549,1.819,0.019,1.0154388286144713
4676.34,0.519,1.963,0.017,1.3140059030175457
4676.34,0.551,1.894,0.016,1.3822495874181522
4676.35,0.539,1.655,0.016,1.202133699123432
4676.35,0.517,1.585,0.019,1.26711443364735
4676.38,0.575,1.54,0.018,1.2656355772049734
4676.38,0.515,1.552,0.019,1.4757236766348507
4676.45,0.562,1.782,0.018,1.2865773048184352
4676.45,0.544,1.75,0.018,1.4214035487775856
4676.46,0.506,1.995,0.015,1.1939268249412816
4676.48,0.581,1.649,0.017,1.4485351517584328
4676.49,0.528,1.813,0.017,1.3788898945765915
4676.52,0.533,1.81,0.019,1.4449180248300666
4676.52,0.52,1.785,0.016,1.0179445539113963
4676.54,0.595,1.566,0.018,1.4321679406137606
4676.54,0.587,1.92,0.016,1.0193680701830075
4676.55,0.596,1.69,0.018,1.466066834692449
4676.56,0.522,1.554,0.017,1.302693052194496
4676.59,0.51,1.551,0.019,1.1239562583038991
4676.6,0.505,1.696,0.016,1.3566227174248373
4676.61,0.534,1.514,0.017,1.3673886036078582
4676.61,0.591,1.565,0.016,1.3394957648963466
4676.61,0.528,1.738,0.015,1.153036202417451
4676.64,0.51,1.798,0.017,1.1327990214345622
4676.65,0.545,1.723,0.016,1.457446482015597
4676.68,0.536,1.551,0.017,1.178691961379421
4676.69,0.562,1.666,0.018,1.0287681304017888
4676.69,0.561,1.877,0.016,1.265116702405914
4676.69,0.534,1.595,0.015,1.2877235582332824
4676.7,0.573,1.642,0.018,1.2332077248012947
4676.7,0.586,1.696,0.018,1.4401376677894038
4676.71,0.571,1.882,0.016,1.4021202322278352
4676.71,0.547,1.529,0.019,1.1917159303047244
4676.72,0.55,1.865,0.019,1.29906180259111
4676.72,0.531,1.548,0.016,1.4930097622476692
4676.73,0.522,1.785,0.016,1.3907163848661515
4676.76,0.575,1.576,0.018,1.2945299148896487
4676.76,0.5,1.68,0.018,1.3461916337873499
4676.79,0.549,1.785,0.015,1.4089247619863599
4676.82,0.563,1.514,0.019,1.2897449732095365
4676.83,0.5,1.889,0.018,1.1837673379978397
4676.85,0.554,1.577,0.019,1.2090245340844383
4676.89,0.529,1.524,0.018,1.239033496773099
4676.89,0.52,1.984,0.016,1.4696400310621185
4676.89,0.578,1.924,0.017,1.2744508666197514
4676.9,0.518,1.835,0.018,1.4133121723910913
4676.93,0.58,1.53,0.015,1.2413394977823087
4676.94,0.544,1.649,0.019,1.476144081130609
4676.94,0.514,1.5,0.016,1.220842114459846
4676.95,0.577,1.941,0.016,1.3798214340417492
4676.98,0.537,1.593,0.015,1.1359252849392696
4677.02,0.534,1.958,0.018,1.03812831110158
4677.02,0.51,1.77,0.015,1.0552230894387744
4677.07,0.583,1.795,0.019,1.2922722488956042
4677.08,0.513,1.759,0.016,1.474077151346935
4677.08,0.54,1.885,0.017,1.3236608258192326
4677.13,0.535,1.927,0.015,1.4721230082892558
4677.13,0.538,1.54,0.015,1.2732153407551743
4677.14,0.583,1.736,0.016,1.185431047342202
4677.18,0.547,1.69,0.017,1.0812860033025466
4677.18,0.575,1.51,0.019,1.4775290656801958
4677.19,0.556,1.558,0.017,1.2100327285817898
4677.19,0.539,1.841,0.019,1.4871656381752025
4677.2,0.523,1.539,0.015,1.192154845270637
4677.21,0.525,1.949,0.015,1.086058967491723
4677.24,0.515,1.869,0.019,1.4266162790771442
4677.25,0.599,1.611,0.018,1.451310829787447
4677.28,0.548,1.817,0.018,1.0855361716723764
4677.29,0.511,1.634,0.017,1.1261888329677356
4677.32,0.568,1.503,0.015,1.3402284228025392
4677.37,0.529,1.812,0.019,1.2837098039205088
4677.38,0.507,1.583,0.016,1.181835916379393
4677.39,0.555,1.544,0.017,1.2904991407908364
4677.39,0.506,1.858,0.019,1.2844467805601059
4677.4,0.549,1.754,0.016,1.0974508562996994
4677.44,0.57,1.921,0.017,1.2704340386226651
4677.45,0.516,1.535,0.015,1.411822489379946
4677.45,0.5,1.907,0.015,1.418067608761382
4677.48,0.551,1.768,0.016,1.2337968035811637
4677.48,0.559,1.724,0.015,1.3634555620757447
4677.49,0.597,1.737,0.019,1.1920689215164466
4677.5,0.539,1.853,0.015,1.2000854714254767
4677.51,0.567,1.604,0.018,1.4512619494195333
4677.51,0.59,1.636,0.018,1.0298396711944782
4677.52,0.522,1.912,0.018,1.3059367498707914
4677.55,0.589,1.866,0.017,1.002549695515875
4677.56,0.506,1.601,0.018,1.3196292746233083
4677.56,0.535,1.644,0.018,1.0268960774867038
4677.56,0.501,1.911,0.016,1.2060130906491793
4677.59,0.512,1.673,0.017,1.1674020097637512
4677.6,0.513,1.787,0.015,1.1334653437798365
4677.62,0.543,1.785,0.015,1.023298509679055
4677.64,0.507,1.507,0.018,1.4330556868669637
4677.66,0.52,1.872,0.019,1.3886436432078058
4677.67,0.525,1.828,0.015,1.1590055069713656
4677.67,0.56,1.72,0.018,1.1808584989109012
4677.69,0.538,1.528,0.017,1.3703297405978152
4677.69,0.524,1.525,0.017,1.3329322096792584
4677.69,0.526,1.586,0.018,1.1638420592206515
4677.71,0.585,1.764,0.017,1.0273452446609468
4677.71,0.533,1.613,0.017,1.1749493197809635
4677.72,0.522,1.601,0.016,1.0744039798342406
4677.75,0.529,1.543,0.015,1.2592758992198148
4677.76,0.506,1.851,0.016,1.1965351709777399
4677.77,0.501,1.615,0.015,1.3924161063701272
4677.78,0.561,1.703,0.019,1.4034094421591425
4677.78,0.509,1.609,0.018,1.170876196671864
4677.79,0.556,1.658,0.019,1.0371048595741326
4677.79,0.56,1.759,0.018,1.270882481770929
4677.8,0.509,1.684,0.016,1.421521601635875
4677.81,0.517,1.77,0.019,1.2243719254432697
4677.82,0.554,1.756,0.018,1.4430631053816994
4677.83,0.529,1.977,0.018,1.3504305734815105
4677.87,0.585,1.63,0.016,1.1250638180757602
4677.88,0.509,1.804,0.017,1.3533347483970661
4677.89,0.525,1.78,0.019,1.4106213814102224
4677.89,0.518,1.956,0.019,1.1612916307826624
4677.9,0.509,1.621,0.018,1.0461080125113302
4677.9,0.566,1.616,0.016,1.0615378259603128
4677.92,0.547,1.734,0.016,1.0690925902432917
4677.93,0.507,1.564,0.017,1.1511465735004647
4677.93,0.584,1.865,0.018,1.1670204205404375
4677.98,0.579,1.677,0.019,1.0667094068334768
4677.98,0.547,1.855,0.016,1.3719069901181344
4678.04,0.528,1.963,0.016,1.4132035736394588
4678.05,0.523,1.963,0.016,1.2670478022429519
4678.08,0.567,1.531,0.019,1.040682643847989
4678.11,0.597,1.676,0.017,1.3070049497754965
4678.12,0.585,1.578,0.017,1.3325336584403495
4678.16,0.59,1.926,0.015,1.2766139657274767
4678.18,0.528,1.541,0.019,1.4083657332054027
4678.18,0.591,1.709,0.019,1.3328991706988622
4678.19,0.552,1.663,0.017,1.2176164142848789
4678.19,0.525,1.959,0.015,1.1465945085225473
4678.21,0.535,1.905,0.016,1.389869875047041
4678.25,0.552,1.558,0.016,1.4721367782988648
4678.28,0.597,1.995,0.016,1.0562499978824322
4678.33,0.549,1.924,0.018,1.3526868473401694
4678.33,0.58,1.665,0.019,1.058487999332531
4678.36,0.554,1.975,0.016,1.0500108659740919
4678.38,0.567,1.657,0.017,1.2374880777265116
4678.39,0.568,1.755,0.016,1.442572075449482
4678.39,0.511,1.727,0.019,1.45979105224684
4678.4,0.529,1.712,0.018,1.2222703913138704
4678.46,0.586,1.716,0.016,1.219273922287846
4678.46,0.576,1.661,0.018,1.2081087237997596
4678.47,0.503,1.665,0.015,1.4368781336556868
4678.49,0.539,1.709,0.017,1.1848664986143744
4678.49,0.569,1.598,0.019,1.4392097361041318
4678.51,0.558,1.719,0.018,1.4123583625442324
4678.52,0.557,1.608,0.015,1.2501304356675131
4678.54,0.579,1.568,0.017,1.143993730678304
4678.58,0.59,1.594,0.019,1.2900866771392534
4678.6,0.512,1.705,0.019,1.04128056605586
4678.65,0.548,1.816,0.016,1.2894177874601285
4678.65,0.516,1.772,0.016,1.09236125328991
4678.69,0.509,1.728,0.019,1.2271838094185816
4678.7,0.508,1.905,0.017,1.2666940470418497
4678.71,0.54,1.691,0.018,1.1659761284577839
4678.72,0.575,1.793,0.018,1.3067278187135345
4678.73,0.546,1.687,0.019,1.3680305417281986
4678.74,0.598,1.547,0.017,1.3185615096380912
4678.74,0.512,1.693,0.015,1.1951983741379117
4678.74,0.509,1.84,0.018,1.0077257806874536
4678.78,0.575,1.546,0.016,1.2311904170244015
4678.79,0.552,1.945,0.015,1.2837507812698938
4678.81,0.532,1.843,0.016,1.2870502614727122
4678.83,0.511,1.758,0.015,1.295077112960029
4678.84,0.517,1.977,0.019,1.3577015352829223
4678.89,0.575,1.793,0.018,1.0277435466488702
4678.89,0.566,1.552,0.015,1.0370734423962074
4678.9,0.571,1.962,0.016,1.335927258600434
4678.92,0.537,1.81,0.015,1.109062888495187
4678.94,0.515,1.521,0.018,1.490318358149259
4678.96,0.506,1.633,0.015,1.474757000539403
4679.01,0.569,1.803,0.018,1.322684033120661
4679.02,0.576,1.816,0.019,1.3778898216097417
4679.05,0.535,1.567,0.019,1.2065223496557644
4679.05,0.576,1.559,0.018,1.1590511579684966
4679.05,0.558,1.845,0.018,1.3847735939903116
4679.08,0.556,1.954,0.019,1.3696698397767109
4679.09,0.527,1.639,0.019,1.0930008425946665
4679.12,0.543,1.755,0.018,1.1442606877168304
4679.13,0.579,1.731,0.015,1.2017550111592776
4679.14,0.575,1.501,0.016,1.1340303498722761
4679.16,0.571,1.797,0.015,1.2354265314769792
4679.17,0.503,1.504,0.016,1.2701186841293899
4679.17,0.577,1.607,0.019,1.2305797597076096
4679.17,0.581,1.591,0.016,1.3971641568387678
4679.18,0.504,1.53,0.015,1.4695114220263834
4679.19,0.551,1.537,0.018,1.2081819910587601
4679.22,0.52,1.772,0.017,1.2652241979116003
4679.23,0.507,1.846,0.018,1.3247692940769586
4679.26,0.531,1.526,0.017,1.1433674091242583
4679.28,0.588,1.621,0.017,1.144044266923466
4679.28,0.597,1.984,0.017,1.454840972363892
4679.3,0.524,1.799,0.018,1.456486264696615
4679.3,0.518,1.819,0.015,1.0681399156840492
4679.31,0.551,1.773,0.016,1.3495146728073266
4679.31,0.505,1.813,0.015,1.4528192196951015
4679.32,0.58,1.665,0.016,1.4427192973696252
4679.32,0.5,1.532,0.015,1.3139778139518192
4679.32,0.575,1.735,0.017,1.0648539668891503
4679.38,0.505,1.956,0.017,1.3936148507790436
4679.39,0.526,1.915,0.018,1.4598596439802376
4679.4,0.522,1.686,0.015,1.3879376949112618
4679.4,0.578,1.563,0.018,1.1652457053968877
4679.4,0.572,1.685,0.019,1.1874030977677672
4679.41,0.577,1.576,0.016,1.2724414316439607
4679.41,0.575,1.939,0.018,1.407054554707147
4679.42,0.546,1.826,0.019,1.28201103753352
4679.42,0.544,1.587,0.018,1.4081933445238182
4679.43,0.588,1.94,0.015,1.2573424336268682
4679.43,0.57,1.781,0.017,1.1655440810099829
4679.43,0.527,1.807,0.019,1.1683191053706459
4679.44,0.517,1.951,0.018,1.4421272911219511
4679.45,0.5,1.934,0.018,1.0761210199149187
4679.46,0.57,1.829,0.018,1.2048266976823263
4679.48,0.532,1.924,0.018,1.019825601701204
4679.5,0.502,1.955,0.018,1.4429644018577756
4679.51,0.571,1.794,0.018,1.074655746101004
4679.51,0.511,1.773,0.019,1.365855378351938
4679.52,0.555,1.921,0.017,1.4979060822749404
4679.53,0.595,1.737,0.015,1.211786841497812
4679.55,0.583,1.641,0.018,1.3213877987021834
4679.55,0.567,1.842,0.015,1.1974006468265332
4679.56,0.514,1.765,0.019,1.4388335494952706
4679.57,0.571,1.719,0.016,1.367076159233565
4679.57,0.517,1.878,0.016,1.4413264597905209
4679.59,0.517,1.868,0.017,1.2701186465934389
4679.6,0.512,1.541,0.019,1.2006729222034778
4679.61,0.594,1.91,0.018,1.46056487363154
4679.62,0.594,1.74,0.016,1.1685421240708918
4679.64,0.535,1.589,0.017,1.2951002004734238
4679.65,0.58,1.562,0.016,1.3005119272909988
4679.65,0.584,1.797,0.016,1.4246474215241915
4679.66,0.504,1.788,0.017,1.264781611700679
4679.7,0.569,1.502,0.017,1.0287193084738955
4679.71,0.539,1.664,0.015,1.4169471235194426
4679.74,0.53,1.54,0.019,1.3188709418729694
4679.79,0.575,1.661,0.015,1.4869201946393877
4679.8,0.548,1.583,0.019,1.348414976432193
4679.81,0.565,1.781,0.017,1.420536784679376
4679.82,0.516,1.577,0.017,1.3677515192858696
4679.82,0.512,1.899,0.018,1.246762430149727
4679.82,0.5,1.663,0.018,1.2048349414507342
4679.85,0.501,1.703,0.016,1.072444261934952
4679.86,0.507,1.878,0.019,1.302702344835994
4679.87,0.588,1.866,0.016,1.3338876559391
4679.91,0.52,1.888,0.018,1.0653455952655144
4679.94,0.594,1.694,0.015,1.3643837522105924
4679.94,0.532,1.85,0.017,1.0134751621940197
4679.97,0.519,1.616,0.019,1.2413882515315304
4679.98,0.584,1.85,0.016,1.25632605804374
4679.99,0.561,1.652,0.018,1.3759520221048327
