4350.0,0.52,1.51,0.018,1.309805794624901
4350.0,0.582,1.951,0.016,1.4088888308606733
4350.0,0.555,1.954,0.016,1.2306655178704533
4350.02,0.543,1.7,0.016,1.032935891865758
4350.02,0.555,1.748,0.016,1.3330142958952758
4350.02,0.516,1.742,0.015,1.0687418675744425
4350.04,0.597,1.599,0.017,1.2501996276356984
4350.04,0.548,1.914,0.017,1.2013706982758388
4350.04,0.542,1.522,0.017,1.0953630175683378
4350.05,0.515,1.772,0.017,1.3187892074799779
4350.05,0.565,1.983,0.017,1.2885962061919773
4350.07,0.529,1.899,0.016,1.0922715986728297
4350.09,0.585,1.534,0.015,1.115772663102931
4350.09,0.507,1.947,0.016,1.2463688618707984
4350.1,0.524,1.992,0.018,1.4077836325190982
4350.11,0.514,1.737,0.016,1.1520664748205838
4350.13,0.55,1.564,0.015,1.013662760021723
4350.14,0.504,1.623,0.016,1.0378769185138599
4350.14,0.51,1.918,0.016,1.1045616682224844
4350.14,0.597,1.66,0.018,1.00030257395459
4350.16,0.566,1.692,0.018,1.1914058687417632
4350.16,0.551,1.828,0.017,1.1266427321590868
4350.16,0.545,1.624,0.019,1.2138004153035915
4350.17,0.534,1.69,0.015,1.154068111496584
4350.17,0.526,1.884,0.016,1.0164589524104528
4350.17,0.588,1.781,0.018,1.1361857062427154
4350.17,0.595,1.806,0.018,1.0200804990418568
4350.18,0.572,1.523,0.019,1.087226429332877
4350.19,0.521,1.787,0.019,1.4031919742601122
4350.19,0.554,1.832,0.016,1.3810943535047364
4350.2,0.575,1.696,0.017,1.3749090151471266
4350.21,0.52,1.673,0.017,1.3885458483895206
4350.21,0.577,1.556,0.018,1.403525397388223
4350.24,0.532,1.556,0.017,1.0412946684613027
4350.25,0.538,1.881,0.016,1.3181395834695784
4350.26,0.59,1.856,0.018,1.1958432022245324
4350.27,0.527,1.593,0.016,1.190908476323432
4350.27,0.508,1.585,0.015,1.2592195993333148
4350.29,0.528,1.51,0.019,1.276634488436056
4350.29,0.585,1.827,0.018,1.231804965011681
4350.3,0.51,1.504,0.017,1.4460826885307685
4350.32,0.515,1.5,0.016,1.1372862997369775
4350.34,0.522,1.661,0.018,1.091753230244937
4350.35,0.593,1.844,0.018,1.133560197355138
4350.36,0.573,1.696,0.019,1.4425610286332378
4350.37,0.541,1.846,0.018,1.3318137939567387
4350.38,0.596,1.522,0.016,1.0425796447250715
4350.39,0.533,1.667,0.019,1.1149068066360117
4350.39,0.529,1.78,0.016,1.2553553318443607
4350.39,0.538,1.66,0.015,1.0142449307022647
4350.39,0.53,1.841,0.017,1.1296674136501195
4350.41,0.544,1.92,0.016,1.4741365627730785
4350.42,0.582,1.75,0.019,1.040043990264225
4350.42,0.562,1.841,0.018,1.4946766356353807
4350.42,0.598,1.999,0.018,1.263323574191991
4350.42,0.561,1.526,0.018,1.1255843849818874
4350.42,0.512,1.979,0.017,1.3302381617126589
4350.43,0.571,1.898,0.017,1.2975326856321798
4350.44,0.571,1.529,0.017,1.0339487639902116
4350.44,0.536,1.565,0.017,1.4613766807869115
4350.44,0.506,1.987,0.015,1.202617284023978
4350.45,0.561,1.5,0.018,1.2916382794709116
4350.46,0.548,1.78,0.018,1.4538537394228814
4350.48,0.558,1.542,0.017,1.2879126433378763
4350.48,0.53,1.913,0.018,1.1533852558741602
4350.49,0.505,1.526,0.018,1.2686146189298282
4350.51,0.533,1.817,0.016,1.4923121030409146
4350.51,0.573,1.9,0.018,1.3445529127676037
4350.52,0.567,1.538,0.015,1.4108036171487477
4350.54,0.508,1.606,0.018,1.1764694116681873
4350.54,0.598,1.874,0.015,1.2988540982042438
4350.56,0.595,1.805,0.018,1.4581669595874915
4350.56,0.527,1.943,0.016,1.212028306199557
4350.57,0.55,1.68,0.017,1.2688756146752724
4350.59,0.534,1.827,0.018,1.3325237246886275
4350.61,0.556,1.841,0.017,1.4289624525560807
4350.62,0.576,1.563,0.018,1.2433317271569124
4350.63,0.534,1.563,0.015,1.0422207588475636
4350.64,0.522,1.966,0.019,1.1228356129610595
4350.64,0.54,1.953,0.015,1.151875619284629
4350.65,0.528,1.612,0.019,1.1399728565328637
4350.65,0.516,1.662,0.015,1.1282093745560657
4350.66,0.514,1.631,0.018,1.2509989402895474
4350.67,0.516,1.654,0.018,1.4269816717556079
4350.67,0.547,1.511,0.016,1.1567376812798174
4350.68,0.502,1.688,0.017,1.1096257186912255
4350.69,0.595,1.566,0.015,1.2251622296164144
4350.71,0.527,1.535,0.019,1.0805592116218974
4350.72,0.536,1.906,0.016,1.1809966369159188
4350.75,0.542,1.667,0.016,1.4510485654223562
4350.75,0.504,1.824,0.016,1.4906399279342186
4350.78,0.55,1.643,0.015,1.169291391765109
4350.8,0.548,1.849,0.015,1.0964650601202395
4350.8,0.548,1.82,0.016,1.4436874143003953
4350.8,0.532,1.642,0.016,1.310438088512272
4350.81,0.51,1.723,0.017,1.312211013553504
4350.84,0.561,1.768,0.019,1.0227691158920245
4350.84,0.578,1.752,0.016,1.1606540126742177
4350.85,0.532,1.7,0.018,1.2280653293263988
4350.85,0.579,1.588,0.017,1.1261123151514971
4350.87,0.523,1.639,0.019,1.3463311521230141
4350.87,0.572,1.954,0.019,1.455297791785289
4350.87,0.534,1.664,0.019,1.077817352868344
4350.87,0.502,1.915,0.016,1.45802227549706
4350.88,0.596,1.641,0.019,1.195156848651339
4350.89,0.523,1.533,0.019,1.1707982605361518
4350.89,0.573,1.609,0.019,1.004419584421585
4350.89,0.547,1.698,0.015,1.0023888229526423
4350.91,0.5,1.747,0.017,1.1127008293938785
4350.92,0.542,1.975,0.018,1.2028369618741288
4350.94,0.513,1.916,0.016,1.1378844695729935
4350.95,0.513,1.702,0.018,1.0848056399266215
4350.95,0.569,1.616,0.019,1.0532972757924906
4350.99,0.556,1.709,0.018,1.1629986915576673
4350.99,0.57,1.771,0.019,1.3104517631937993
4351.0,0.575,1.814,0.017,1.1001697703005044
4351.0,0.531,1.793,0.018,1.305331140262125
4351.02,0.539,1.843,0.018,1.1948471572311357
4351.03,0.504,1.601,0.015,1.1486481910928863
4351.03,0.516,1.585,0.018,1.293379727989133
4351.06,0.588,1.913,0.016,1.4167841830145294
4351.06,0.598,1.569,0.015,1.1883072260983911
4351.07,0.561,1.608,0.016,1.3116713903631976
4351.08,0.58,1.717,0.018,1.3228984755371531
4351.1,0.566,1.548,0.015,1.347891307614988
4351.12,0.586,1.804,0.015,1.2409576479462017
4351.12,0.53,1.889,0.016,1.264971053743133
4351.13,0.546,1.564,0.018,1.156109192754166
4351.14,0.591,1.838,0.018,1.2451740868677987
4351.15,0.53,1.99,0.018,1.408087040628792
4351.15,0.525,1.937,0.015,1.3381798523292137
4351.16,0.597,1.872,0.015,1.0681482568214613
4351.17,0.542,1.602,0.015,1.3324574503361255
4351.17,0.531,1.9,0.016,1.3637167312704075
4351.17,0.575,1.575,0.018,1.4843745862448268
4351.18,0.564,1.884,0.018,1.0712662259038024
4351.18,0.526,1.927,0.018,1.1543202144710727
4351.22,0.594,1.549,0.016,1.2355208304362322
4351.22,0.592,1.604,0.015,1.3061324140659265
4351.22,0.595,1.654,0.016,1.258008014472702
4351.22,0.518,1.518,0.016,1.2362070718328524
4351.23,0.584,1.585,0.019,1.0211416753914682
4351.24,0.525,1.787,0.019,1.3071238551643516
4351.25,0.534,1.801,0.017,1.4118316022182023
4351.25,0.536,1.94,0.018,1.1182479658880378
4351.26,0.519,1.758,0.015,1.4464220619037285
4351.27,0.561,1.615,0.018,1.1312847904951775
4351.28,0.521,1.748,0.015,1.2426552876824666
4351.28,0.566,1.925,0.018,1.39502868654324
4351.28,0.537,1.773,0.018,1.0719427634037926
4351.28,0.502,1.682,0.016,1.3784707189218461
4351.29,0.563,1.995,0.016,1.1848393910193236
4351.3,0.505,1.83,0.015,1.399778079772937
4351.31,0.535,1.844,0.018,1.2154613574388518
4351.31,0.53,1.841,0.017,1.1051535636678342
4351.32,0.564,1.884,0.017,1.3028208345103154
4351.34,0.569,1.718,0.019,1.3979114469653138
4351.35,0.559,1.827,0.016,1.0474282151046819
4351.35,0.515,1.872,0.016,1.2126916511279866
4351.37,0.594,1.638,0.017,1.1633320385657882
4351.37,0.503,1.685,0.019,1.248433041087626
4351.37,0.577,1.883,0.019,1.369068830596808
4351.38,0.56,1.513,0.015,1.3279908854973652
4351.39,0.535,1.87,0.019,1.2923493780540476
4351.4,0.544,1.549,0.016,1.0056922215648911
4351.4,0.556,1.771,0.019,1.2979521212839624
4351.4,0.543,1.838,0.016,1.4427515235152166
4351.42,0.504,1.675,0.015,1.3431042884907136
4351.43,0.57,1.541,0.019,1.398161047076972
4351.46,0.543,1.836,0.017,1.4020692060266575
4351.47,0.538,1.98,0.015,1.4282461804473414
4351.48,0.568,1.583,0.018,1.4598887055250351
4351.51,0.588,1.976,0.015,1.4880820040853664
4351.51,0.506,1.905,0.017,1.4032905431293399
4351.51,0.524,1.762,0.018,1.3260418731696306
4351.51,0.53,1.526,0.015,1.392481177207142
4351.54,0.523,1.855,0.019,1.4492550234380583
4351.54,0.516,1.5,0.015,1.0524952337012683
4351.54,0.502,1.549,0.015,1.159587636430142
4351.55,0.575,1.659,0.019,1.2441329585691732
4351.57,0.596,1.694,0.015,1.053772154648704
4351.58,0.549,1.596,0.016,1.2608257834512924
4351.58,0.544,1.729,0.017,1.4344685454530426
4351.61,0.548,1.63,0.017,1.432950522383111
4351.62,0.504,1.822,0.017,1.0336868178124856
4351.64,0.599,1.664,0.015,1.4905675076850986
4351.64,0.546,1.857,0.016,1.3846764839386492
4351.66,0.531,1.742,0.016,1.128756348682353
4351.66,0.578,1.877,0.018,1.0383886393586448
4351.68,0.563,1.904,0.019,1.2140642805283857
4351.69,0.503,1.808,0.018,1.4821064062453173
4351.69,0.55,1.708,0.017,1.2010436745495627
4351.72,0.572,1.77,0.019,1.2919191269557184
4351.72,0.553,1.549,0.015,1.2806407680736684
4351.73,0.529,1.513,0.019,1.2166943770521759
4351.75,0.544,1.794,0.019,1.0758048596331944
4351.76,0.541,1.885,0.015,1.0427854346826555
4351.76,0.566,1.997,0.015,1.0323540570558052
4351.77,0.599,1.714,0.018,1.1298291246943926
4351.78,0.512,1.782,0.016,1.0247085079499532
4351.79,0.598,1.666,0.017,1.2287190910545993
4351.79,0.503,1.897,0.015,1.4154128948824956
4351.8,0.587,1.845,0.019,1.3543725881907964
4351.8,0.592,1.737,0.019,1.3040687027778417
4351.82,0.503,1.772,0.019,1.1737738028864273
4351.83,0.591,1.848,0.018,1.0036436513974256
4351.83,0.56,1.504,0.019,1.0074822355359603
4351.84,0.545,1.812,0.018,1.2229808174284171
4351.84,0.51,1.582,0.017,1.0091202715361014
4351.86,0.577,1.596,0.018,1.2471965859895098
4351.87,0.532,1.825,0.017,1.2465210495021992
4351.89,0.549,1.744,0.017,1.1769493696592188
4351.89,0.529,1.774,0.016,1.3346189312025367
4351.89,0.552,1.761,0.019,1.2269552252629605
4351.89,0.5,1.784,0.017,1.2862125534651558
4351.9,0.566,1.889,0.015,1.1241378519844458
4351.91,0.536,1.623,0.018,1.1345068279614847
4351.92,0.537,1.545,0.015,1.0085905412665097
4351.93,0.548,1.658,0.018,1.1789486276720234
4351.93,0.589,1.655,0.017,1.32547064227293
4351.93,0.559,1.71,0.017,1.3385495521351611
4351.93,0.501,1.907,0.018,1.381950506127937
4351.96,0.538,1.645,0.017,1.3094330759761243
4351.98,0.519,1.865,0.019,1.4914948498278362
4351.99,0.588,1.709,0.016,1.1760625086311864
4351.99,0.578,1.967,0.019,1.2166251753079638
4351.99,0.568,1.529,0.019,1.1843325538387663
4352.0,0.532,1.513,0.015,1.4673686116697804
4352.0,0.564,1.99,0.016,1.2093063248836173
4352.0,0.567,1.608,0.018,1.3925163843615629
4352.01,0.587,1.518,0.019,1.1661529899659842
4352.01,0.534,1.658,0.019,1.1777847923087206
4352.05,0.545,1.567,0.016,1.314619433061731
4352.06,0.566,1.925,0.016,1.2551611747377502
4352.07,0.559,1.981,0.017,1.3320019898137276
4352.09,0.559,1.693,0.019,1.3265135173195473
4352.1,0.596,1.911,0.015,1.350316709260417
4352.11,0.583,1.701,0.015,1.1322241001194406
4352.12,0.503,1.939,0.018,1.1141385487536368
4352.13,0.551,1.627,0.018,1.1575290617945004
4352.18,0.568,1.56,0.016,1.1788023207406828
4352.18,0.523,1.614,0.019,1.0949204600790823
4352.19,0.531,1.972,0.018,1.1771962045266648
4352.2,0.55,1.629,0.018,1.1387090702926235
4352.22,0.572,1.665,0.015,1.3262109761278567
4352.23,0.514,1.714,0.017,1.2227362672110083
4352.24,0.569,1.968,0.016,1.1530099839920354
4352.25,0.591,1.943,0.016,1.3071961909796106
4352.26,0.531,1.639,0.018,1.0551378063335661
4352.26,0.545,1.917,0.017,1.4211763873902454
4352.27,0.578,1.649,0.016,1.249450505472581
4352.27,0.528,1.521,0.015,1.3160033236038502
4352.27,0.571,1.664,0.019,1.3719097701978245
4352.27,0.542,1.909,0.015,1.3894125620064302
4352.28,0.516,1.902,0.018,1.148280111503861
4352.29,0.523,1.789,0.018,1.1382647507941157
4352.29,0.507,1.756,0.016,1.326092487395355
4352.32,0.532,1.736,0.019,1.3853384040121963
4352.32,0.557,1.586,0.016,1.3068751793161069
4352.33,0.566,1.546,0.015,1.2834496487341582
4352.34,0.533,1.501,0.018,1.476586452733097
4352.36,0.55,1.921,0.018,1.3883853483768878
4352.37,0.533,1.861,0.018,1.2586442637462665
4352.37,0.514,1.719,0.018,1.1533516926926568
4352.38,0.524,1.728,0.018,1.2172397487477369
4352.4,0.575,1.628,0.018,1.2481172134761804
4352.4,0.561,1.739,0.017,1.1717749189794056
4352.4,0.5,1.839,0.016,1.1210481489032653
4352.41,0.523,1.891,0.018,1.2083500567293037
4352.41,0.561,1.621,0.016,1.2622467196810707
4352.42,0.553,1.981,0.017,1.0406851657999845
4352.45,0.545,1.925,0.015,1.2038947849124941
4352.45,0.56,1.967,0.017,1.1520915948518482
4352.45,0.538,1.654,0.018,1.2863844666094535
4352.45,0.537,1.799,0.015,1.3341661575542352
4352.47,0.567,1.878,0.019,1.3118513589219318
4352.47,0.503,1.704,0.016,1.3070763925476059
4352.47,0.573,1.524,0.017,1.1649912799000057
4352.49,0.538,1.752,0.017,1.2886497587906944
4352.5,0.52,1.882,0.016,1.1781353637861116
4352.53,0.557,1.859,0.017,1.2306590611044257
4352.53,0.597,1.884,0.018,1.1672873774257955
4352.53,0.57,1.644,0.017,1.0248628826132413
4352.53,0.585,1.848,0.017,1.012955715456305
4352.54,0.579,1.529,0.015,1.2651243015460125
4352.54,0.513,1.912,0.015,1.3043483611770295
4352.56,0.537,1.621,0.017,1.10110044956194
4352.57,0.581,1.591,0.016,1.160042737022363
4352.58,0.544,1.872,0.017,1.3947556785095372
4352.59,0.552,1.931,0.017,1.3030121064311357
4352.6,0.505,1.875,0.015,1.0598027709992865
4352.6,0.549,1.522,0.017,1.0079345822596046
4352.61,0.587,1.749,0.015,1.2748406874817668
4352.61,0.56,1.542,0.019,1.0727481096137468
4352.63,0.557,1.62,0.016,1.19744126173799
4352.64,0.519,1.804,0.019,1.0427563185847448
4352.66,0.585,1.534,0.019,1.2127004353991468
4352.67,0.538,1.744,0.016,1.4785953248267725
4352.69,0.534,1.82,0.015,1.2873687507469889
4352.69,0.546,1.735,0.018,1.1727153299025335
4352.69,0.524,1.58,0.018,1.04784424804756
4352.7,0.56,1.924,0.016,1.444234847167697
4352.72,0.511,1.995,0.019,1.1363944979687437
4352.72,0.501,1.522,0.018,1.328353262673204
4352.74,0.537,1.711,0.019,1.3849563089418602
4352.75,0.527,1.977,0.015,1.1086125093333394
4352.75,0.52,1.576,0.017,1.113008022920178
4352.75,0.517,1.964,0.017,1.4003134558245778
4352.76,0.523,1.598,0.017,1.45173083438491
4352.76,0.555,1.849,0.018,1.1845561331847547
4352.77,0.538,1.669,0.019,1.2115443035999038
4352.77,0.564,1.551,0.018,1.2047856312120608
4352.78,0.553,1.838,0.019,1.1286980813042278
4352.79,0.508,1.888,0.017,1.4005514582502705
4352.8,0.598,1.581,0.017,1.4989952260683612
4352.83,0.59,1.754,0.018,1.1097201578123426
4352.83,0.564,1.848,0.016,1.3437030330534352
4352.84,0.508,1.509,0.015,1.2489205400289096
4352.84,0.564,1.683,0.017,1.0568609978936752
4352.86,0.523,1.875,0.017,1.3642603137428417
4352.88,0.52,1.769,0.019,1.2567584831261107
4352.88,0.578,1.698,0.018,1.0041413807723227
4352.88,0.554,1.824,0.019,1.433793127444383
4352.88,0.508,1.723,0.015,1.2967781040336441
4352.89,0.566,1.76,0.016,1.0048552557915291
4352.89,0.547,1.765,0.018,1.3270410817193277
4352.9,0.565,1.855,0.019,1.3898886195233366
4352.91,0.503,1.555,0.015,1.2268560868744478
4352.93,0.508,1.686,0.016,1.4122412654067071
4352.93,0.556,1.596,0.016,1.37145074406537
4352.93,0.567,1.807,0.016,1.3998178891220012
4352.93,0.511,1.865,0.018,1.2283462591488743
4352.94,0.547,1.678,0.018,1.4722448824529542
4352.95,0.583,1.776,0.019,1.216346240605957
4352.96,0.536,1.857,0.018,1.185561156790422
4352.96,0.553,1.989,0.015,1.4029312162192387
4352.97,0.583,1.963,0.015,1.1034243525746363
4352.98,0.584,1.631,0.016,1.2647971332151227
4352.99,0.512,1.845,0.018,1.399345752518638
4352.99,0.539,1.802,0.017,1.3356334802275942
4352.99,0.587,1.791,0.019,1.3218046235732972
4353.01,0.587,1.771,0.018,1.4752919769160808
4353.02,0.566,1.786,0.019,1.2922170078780217
4353.03,0.517,1.978,0.019,1.2225447861662513
4353.03,0.583,1.617,0.019,1.1616719649827036
4353.04,0.584,1.758,0.018,1.4769850832928562
4353.04,0.523,1.616,0.017,1.070741808324868
4353.05,0.542,1.959,0.018,1.33484290943329
4353.05,0.583,1.6,0.017,1.1649892866369287
4353.07,0.564,1.951,0.017,1.0864339906598892
4353.08,0.529,1.575,0.019,1.0004247081883157
4353.08,0.59,1.739,0.019,1.0460895739698266
4353.09,0.531,1.877,0.015,1.0980581279952935
4353.09,0.59,1.965,0.015,1.2544388490443434
4353.1,0.585,1.853,0.015,1.1744724150278176
4353.1,0.549,1.666,0.016,1.3475872003095688
4353.12,0.575,1.704,0.019,1.3485441992518077
4353.12,0.518,1.804,0.019,1.2006354389813891
4353.13,0.591,1.773,0.018,1.1483363247991645
4353.13,0.511,1.567,0.015,1.1351259896772987
4353.14,0.511,1.997,0.015,1.3157415637127772
4353.14,0.518,1.616,0.015,1.3516331282160725
4353.18,0.59,1.576,0.019,1.489524051607193
4353.18,0.51,1.5,0.017,1.4831682004416757
4353.18,0.523,1.98,0.018,1.1368630973898335
4353.19,0.553,1.655,0.019,1.0578526636394536
4353.2,0.551,1.72,0.019,1.3189536804319035
4353.21,0.554,1.562,0.015,1.1040081661448493
4353.21,0.546,1.971,0.017,1.043561309888478
4353.22,0.575,1.536,0.017,1.0966589122389148
4353.22,0.589,1.864,0.019,1.4292143055707656
4353.23,0.575,1.975,0.015,1.2363888064144803
4353.24,0.514,1.589,0.016,1.104174177293783
4353.24,0.571,1.612,0.017,1.4877578907698379
4353.27,0.532,1.65,0.019,1.3868922497509688
4353.27,0.576,1.726,0.016,1.3945953699246516
4353.28,0.521,1.889,0.015,1.1195461871507617
4353.3,0.537,1.659,0.019,1.3372394966401464
4353.31,0.517,1.994,0.019,1.2568795489701716
4353.33,0.54,1.576,0.015,1.1233076038484608
4353.33,0.553,1.541,0.018,1.4197530281528004
4353.34,0.556,1.504,0.019,1.0450106321348511
4353.34,0.583,1.591,0.019,1.0817723869419824
4353.34,0.55,1.708,0.019,1.158564263724363
4353.35,0.535,1.635,0.017,1.0862184027331583
4353.35,0.566,1.741,0.016,1.0332183343419539
4353.36,0.516,1.703,0.018,1.427452565719141
4353.36,0.576,1.829,0.016,1.4822670400760778
4353.38,0.53,1.546,0.019,1.3383530999412243
4353.39,0.52,1.686,0.017,1.2361969637225283
4353.39,0.586,1.879,0.016,1.0300244605517557
4353.4,0.574,1.848,0.019,1.0115728024461128
4353.41,0.579,1.696,0.015,1.4024528500189073
4353.41,0.566,1.529,0.016,1.3546027345522929
4353.41,0.519,1.991,0.018,1.2380278971630378
4353.42,0.516,1.963,0.015,1.3407538468511173
4353.43,0.553,1.805,0.018,1.2406586367495467
4353.43,0.501,1.71,0.017,1.0043156621439648
4353.44,0.578,1.662,0.015,1.1148793955384775
4353.49,0.561,1.855,0.016,1.0347837383303893
4353.51,0.502,1.867,0.016,1.2000053146196366
4353.52,0.59,1.573,0.017,1.4392889936155
4353.52,0.567,1.929,0.019,1.0934452092929239
4353.52,0.519,1.882,0.019,1.2244834489109433
4353.53,0.523,1.514,0.019,1.2119845146967825
4353.56,0.543,1.864,0.017,1.2672096162050361
4353.56,0.522,1.605,0.015,1.112934760104735
4353.56,0.584,1.765,0.019,1.3621864654897897
4353.57,0.519,1.874,0.017,1.4765990386968806
4353.58,0.517,1.688,0.018,1.1161404617926007
4353.58,0.533,1.767,0.017,1.4572550742543156
4353.59,0.56,1.955,0.016,1.215349561292817
4353.61,0.526,1.865,0.017,1.123671432425832
4353.61,0.581,1.892,0.017,1.354617435336318
4353.61,0.584,1.878,0.017,1.0836404133186215
4353.62,0.505,1.766,0.019,1.0261323260489184
4353.63,0.558,1.58,0.018,1.2792157738126742
4353.64,0.553,1.674,0.016,1.2609833114750357
4353.66,0.562,1.924,0.019,1.3504969218660658
4353.67,0.544,1.78,0.016,1.0082166959104535
4353.69,0.519,1.902,0.018,1.1394207374235599
4353.69,0.515,1.822,0.017,1.106673143851779
4353.72,0.561,1.89,0.019,1.1538899659213226
4353.73,0.592,1.974,0.016,1.0501201861446867
4353.75,0.508,1.504,0.019,1.1965907331627799
4353.75,0.511,1.558,0.016,1.1620138871980477
4353.76,0.508,1.715,0.016,1.050142059224816
4353.76,0.553,1.748,0.019,1.3102818858080931
4353.79,0.595,1.953,0.019,1.1692864673355015
4353.79,0.575,1.817,0.019,1.4658572474236726
4353.79,0.565,1.716,0.019,1.35366544730176
4353.8,0.591,1.953,0.016,1.272121814456164
4353.8,0.582,1.968,0.019,1.211469702205903
4353.82,0.558,1.742,0.016,1.1935132068174512
4353.83,0.551,1.69,0.016,1.0939557370571733
4353.84,0.512,1.566,0.017,1.2906566395877224
4353.85,0.598,1.753,0.018,1.0156101003678726
4353.85,0.571,1.883,0.016,1.4395510246759342
4353.85,0.565,1.843,0.019,1.1039629821534698
4353.86,0.503,1.984,0.018,1.4988552161611794
4353.88,0.504,1.556,0.017,1.1790346575552801
4353.89,0.537,1.877,0.018,1.4311486234846729
4353.89,0.573,1.741,0.017,1.207981310743149
4353.9,0.587,1.735,0.019,1.455497678592293
4353.9,0.59,1.547,0.019,1.4234465965206744
4353.91,0.519,1.556,0.017,1.4962205792384986
4353.91,0.519,1.578,0.018,1.0446163685967604
4353.94,0.586,1.776,0.017,1.3376216968640304
4353.96,0.551,1.861,0.019,1.1570886502031792
4353.97,0.52,1.856,0.019,1.0240587875771567
4353.98,0.561,1.932,0.019,1.235131139186084
4353.98,0.524,1.864,0.017,1.0657041922756267
4353.99,0.588,1.681,0.019,1.2617148070084103
4354.0,0.543,1.545,0.019,1.4375000737587351
4354.01,0.536,1.516,0.019,1.1259495802282278
4354.01,0.545,1.887,0.015,1.467332292747198
4354.02,0.541,1.919,0.019,1.3234235174714142
4354.03,0.585,1.732,0.019,1.3436510616141595
4354.03,0.557,1.946,0.017,1.498960381230493
4354.03,0.576,1.961,0.018,1.1653927447429386
4354.04,0.528,1.602,0.016,1.450618525374126
4354.05,0.57,1.769,0.015,1.0202838777354462
4354.05,0.52,1.709,0.018,1.0472408627108065
4354.06,0.528,1.914,0.015,1.440713731427355
4354.07,0.505,1.631,0.016,1.1461250016717761
4354.07,0.584,1.92,0.016,1.1746821771479536
4354.09,0.562,1.583,0.019,1.3449900236701016
4354.1,0.597,1.891,0.019,1.1932262591049023
4354.1,0.57,1.864,0.016,1.1778810730722609
4354.11,0.52,1.991,0.017,1.4240777413761134
4354.11,0.505,1.697,0.018,1.0366660357537527
4354.12,0.513,1.899,0.015,1.4452288243123743
4354.12,0.52,1.959,0.019,1.4684148347785653
4354.13,0.554,1.537,0.018,1.1575924187791897
4354.13,0.524,1.987,0.017,1.3118113721888078
4354.14,0.576,1.745,0.019,1.2599001520162916
4354.15,0.541,1.618,0.015,1.4288737419147033
4354.17,0.542,1.746,0.015,1.1761741833108346
4354.17,0.56,1.666,0.018,1.081896260906007
4354.18,0.522,1.701,0.016,1.1676204257674545
4354.19,0.532,1.541,0.015,1.022513654546099
4354.19,0.514,1.727,0.017,1.3735164828955642
4354.19,0.595,1.62,0.015,1.26459284296748
4354.2,0.53,1.784,0.019,1.112436229734326
4354.22,0.581,1.67,0.018,1.2499255385601606
4354.23,0.545,1.911,0.016,1.4144050866717746
4354.25,0.56,1.515,0.016,1.4070960816059646
4354.28,0.564,1.927,0.016,1.0931924189839481
4354.29,0.516,1.753,0.016,1.4624205716617418
4354.29,0.509,1.988,0.017,1.2775653379015184
4354.3,0.537,1.875,0.017,1.4138906985223
4354.3,0.508,1.753,0.015,1.2710753769881302
4354.31,0.529,1.657,0.017,1.2560137627494532
4354.32,0.599,1.757,0.018,1.1580098017633838
4354.32,0.551,1.826,0.015,1.3884602439185276
4354.35,0.565,1.649,0.018,1.1823353514023844
4354.35,0.592,1.91,0.016,1.4189045365600057
4354.35,0.577,1.759,0.015,1.2215017219634596
4354.38,0.533,1.963,0.017,1.1436541936548643
4354.39,0.588,1.581,0.019,1.2503955852400754
4354.4,0.532,1.887,0.019,1.3844316763425777
4354.42,0.545,1.615,0.016,1.441532253640133
4354.42,0.514,1.602,0.019,1.463702861834184
4354.45,0.564,1.704,0.018,1.2492822413655196
4354.46,0.588,1.743,0.015,1.3880139540555716
4354.48,0.528,1.959,0.018,1.4696539405610811
4354.5,0.577,1.885,0.015,1.4433590936418856
4354.51,0.557,1.99,0.017,1.220377995475514
4354.51,0.568,1.788,0.017,1.302640986014965
4354.52,0.512,1.913,0.018,1.307139673032291
4354.55,0.532,1.974,0.019,1.3684177683192709
4354.55,0.501,1.755,0.017,1.3842487828550696
4354.56,0.57,1.838,0.016,1.3640766758486915
4354.56,0.564,1.548,0.017,1.350839208926598
4354.56,0.542,1.687,0.018,1.0414060067125122
4354.57,0.516,1.65,0.019,1.288344026979979
4354.57,0.573,1.77,0.016,1.2949899147000954
4354.58,0.585,1.934,0.017,1.0045310485541976
4354.58,0.535,1.824,0.015,1.4586707523115492
4354.58,0.551,1.643,0.016,1.2553682608945467
4354.6,0.595,1.972,0.015,1.274449529395144
4354.61,0.529,1.803,0.016,1.073202036244767
4354.61,0.571,1.927,0.018,1.2265881484368675
4354.62,0.548,1.938,0.015,1.3346864542587547
4354.64,0.5,1.601,0.015,1.0253645772012798
4354.65,0.575,1.722,0.017,1.0862156142872201
4354.65,0.573,1.825,0.015,1.3040118801517933
4354.66,0.547,1.838,0.017,1.2226792946880465
4354.66,0.513,1.564,0.019,1.037626002744533
4354.68,0.521,1.77,0.019,1.4063858735309893
4354.7,0.514,1.535,0.019,1.4459200826506673
4354.71,0.504,1.696,0.017,1.2536004260070581
4354.74,0.586,1.529,0.018,1.0635663048574655
4354.75,0.544,1.946,0.017,1.1031290722115241
4354.75,0.544,1.901,0.018,1.0353668965048903
4354.76,0.593,1.731,0.015,1.1834333043387053
4354.76,0.55,1.898,0.017,1.0003167148260774
4354.78,0.541,1.878,0.016,1.0186867845094008
4354.79,0.544,1.84,0.015,1.0171665431088
4354.79,0.56,1.748,0.017,1.4222507415860213
4354.79,0.555,1.542,0.015,1.467089759045197
4354.81,0.54,1.938,0.019,1.043015682329913
4354.81,0.552,1.849,0.016,1.439927847404033
4354.83,0.514,1.636,0.015,1.3088699680761422
4354.83,0.513,1.874,0.019,1.0889852429305995
4354.86,0.543,1.836,0.019,1.2664584251342703
4354.88,0.501,1.83,0.018,1.1813824154615098
4354.89,0.558,1.882,0.015,1.1809731911663086
4354.92,0.504,1.81,0.019,1.0649073110063012
4354.92,0.576,1.542,0.019,1.4723167216526556
4354.92,0.528,1.84,0.017,1.3791651391620239
4354.93,0.503,1.945,0.016,1.4226753788750814
4354.93,0.516,1.63,0.016,1.4441821193206776
4354.94,0.525,1.712,0.017,1.2312961352242118
4354.95,0.571,1.856,0.019,1.079415102062022
4354.95,0.577,1.587,0.016,1.1600744658507884
4354.97,0.533,1.651,0.018,1.0772748552174758
4354.98,0.564,1.509,0.019,1.0503086711913587
4354.99,0.556,1.582,0.018,1.3857416626304988
4355.01,0.509,1.576,0.016,1.1320342281052047
4355.02,0.597,1.867,0.017,1.020123223220221
4355.02,0.542,1.555,0.019,1.0806731784526702
4355.04,0.517,1.968,0.017,1.116711889389366
4355.04,0.573,1.844,0.019,1.1324458030874065
4355.05,0.528,1.99,0.016,1.0907786700538848
4355.06,0.504,1.637,0.017,1.2656001016703669
4355.06,0.5,1.561,0.019,1.4833239221838244
4355.07,0.561,1.763,0.015,1.3863406451175608
4355.08,0.573,1.592,0.018,1.2608622095859436
4355.08,0.511,1.607,0.017,1.078972850695449
4355.08,0.563,1.961,0.019,1.0371813496641018
4355.09,0.5,1.5,0.018,1.3059642867851882
4355.1,0.58,1.649,0.016,1.315362352863895
4355.1,0.548,1.945,0.017,1.371027233814903
4355.12,0.593,1.76,0.019,1.2141167166546576
4355.15,0.534,1.676,0.016,1.273414176504121
4355.15,0.572,1.532,0.016,1.4597575080337126
4355.16,0.558,1.752,0.018,1.0559226103583084
4355.16,0.554,1.739,0.017,1.4054390183080634
4355.17,0.551,1.513,0.019,1.0216305591897268
4355.17,0.553,1.869,0.017,1.411234416880304
4355.17,0.569,1.78,0.015,1.0017496761206235
4355.18,0.5,1.819,0.018,1.4131198560289402
4355.18,0.515,1.511,0.018,1.1865613024602504
4355.19,0.552,1.61,0.017,1.1357650707019706
4355.2,0.559,1.719,0.019,1.4642000526363055
4355.2,0.586,1.757,0.016,1.428885288812224
4355.21,0.559,1.531,0.017,1.0804418559463453
4355.22,0.517,1.896,0.019,1.4074390437912847
4355.23,0.559,1.708,0.019,1.4407055951287115
4355.23,0.585,1.99,0.018,1.392638104227282
4355.26,0.583,1.826,0.018,1.0220276835134472
4355.27,0.542,1.799,0.018,1.1806515901702475
4355.27,0.521,1.552,0.016,1.329899039043843
4355.28,0.581,1.7,0.015,1.0586681690024649
4355.28,0.508,1.549,0.016,1.0414196437565284
4355.3,0.591,1.809,0.015,1.2962067713378815
4355.33,0.525,1.948,0.019,1.1216025093368946
4355.35,0.575,1.549,0.019,1.1847151258090782
4355.38,0.586,1.702,0.017,1.3327698713313971
4355.38,0.565,1.943,0.016,1.1253808160848109
4355.39,0.524,1.988,0.015,1.4700072205033714
4355.39,0.529,1.627,0.019,1.1064397659189646
4355.39,0.562,1.671,0.015,1.412226730020759
4355.4,0.544,1.873,0.018,1.4007848812014316
4355.41,0.591,1.831,0.017,1.0946186055780007
4355.41,0.559,1.781,0.015,1.3294156795838288
4355.42,0.585,1.699,0.019,1.0216914581521492
4355.44,0.581,1.957,0.017,1.3374104911938705
4355.45,0.544,1.654,0.015,1.1357052132686802
4355.45,0.502,1.583,0.018,1.2228177269298834
4355.45,0.575,1.705,0.016,1.1186060049704238
4355.49,0.518,1.923,0.018,1.468739140705629
4355.5,0.584,1.692,0.019,1.4051612597326895
4355.5,0.519,1.775,0.019,1.3818882071413485
4355.51,0.531,1.94,0.018,1.078288144446989
4355.51,0.511,1.619,0.017,1.341000599732465
4355.51,0.533,1.768,0.015,1.3324565513577364
4355.51,0.522,1.674,0.018,1.3217105414115027
4355.51,0.517,1.954,0.016,1.1350125384638807
4355.52,0.572,1.816,0.018,1.417583489042097
4355.53,0.595,1.915,0.016,1.2449939836594441
4355.54,0.549,1.595,0.018,1.076938454930655
4355.55,0.535,1.728,0.019,1.4635512729238158
4355.55,0.511,1.76,0.015,1.4628993694217731
4355.55,0.537,1.985,0.016,1.1083508705923133
4355.55,0.594,1.673,0.019,1.1668438448482386
4355.55,0.581,1.975,0.016,1.2543661632992305
4355.56,0.562,1.994,0.018,1.2452001531764552
4355.56,0.506,1.721,0.018,1.1692304486350542
4355.56,0.573,1.775,0.016,1.316379987304778
4355.59,0.574,1.994,0.016,1.4441414768695753
4355.6,0.532,1.51,0.018,1.1924731370169899
4355.62,0.564,1.821,0.017,1.4395204450376804
4355.62,0.519,1.768,0.018,1.380365581431606
4355.63,0.598,1.579,0.019,1.2966130301406351
4355.63,0.568,1.916,0.017,1.0874908872000315
4355.63,0.553,1.625,0.015,1.2619731618154364
4355.64,0.582,1.869,0.015,1.443506968940805
4355.65,0.588,1.514,0.016,1.15060570739884
4355.66,0.536,1.856,0.017,1.4998441652189625
4355.68,0.59,1.53,0.019,1.3370216134456052
4355.69,0.56,1.925,0.015,1.217602025990504
4355.7,0.58,1.553,0.018,1.2885107010232362
4355.7,0.5,1.897,0.015,1.2974823352487
4355.7,0.54,1.59,0.019,1.0044531923597213
4355.71,0.584,1.679,0.015,1.1656702980560754
4355.71,0.537,1.741,0.015,1.2384981417263958
4355.71,0.591,1.588,0.018,1.1788167659476803
4355.73,0.546,1.877,0.018,1.1772844181031605
4355.73,0.598,1.991,0.017,1.163148531915026
4355.75,0.574,1.745,0.017,1.1340659681487097
4355.75,0.564,1.625,0.015,1.0951699426073958
4355.78,0.544,1.821,0.015,1.261074381645631
4355.78,0.591,1.717,0.018,1.2464729879910745
4355.8,0.583,1.829,0.016,1.3804122745669725
4355.8,0.539,1.815,0.018,1.241064531289368
4355.81,0.574,1.868,0.018,1.1176568313656188
4355.82,0.502,1.755,0.017,1.1474991927710159
4355.83,0.545,1.505,0.018,1.193116564658077
4355.83,0.557,1.946,0.016,1.3236394298295289
4355.84,0.583,1.64,0.016,1.324841328732157
4355.85,0.574,1.539,0.019,1.4318270596868836
4355.86,0.558,1.869,0.019,1.3176925131822521
4355.87,0.546,1.701,0.015,1.3075813534609702
4355.89,0.53,1.821,0.015,1.1272637282114724
4355.89,0.571,1.547,0.015,1.1347052296609106
4355.89,0.534,1.619,0.017,1.196382348262273
4355.89,0.579,1.632,0.018,1.3733374023861313
4355.89,0.579,1.975,0.018,1.145978295654029
4355.9,0.56,1.779,0.019,1.131773165906425
4355.91,0.567,1.668,0.017,1.0491479591133643
4355.92,0.543,1.821,0.016,1.1129416613905811
4355.92,0.524,1.821,0.015,1.394153375068604
4355.92,0.539,1.738,0.016,1.459572111119051
4355.93,0.5,1.954,0.019,1.2193130986639305
4355.93,0.558,1.771,0.018,1.3308493397947436
4355.93,0.516,1.528,0.018,1.0368501220494943
4355.94,0.59,1.683,0.016,1.3666775859640292
4355.97,0.57,1.691,0.019,1.3017522719180183
4355.97,0.517,1.962,0.019,1.231544202001545
4355.97,0.52,1.699,0.017,1.0860375090151895
4355.97,0.521,1.955,0.019,1.1607296476911384
4355.99,0.581,1.941,0.015,1.4802876796780047
4355.99,0.541,1.708,0.015,1.2226857427241264
4356.0,0.573,1.788,0.015,1.0537427533163568
4356.01,0.571,1.734,0.015,1.311997572209853
4356.01,0.597,1.725,0.017,1.0062401373647538
4356.02,0.528,1.805,0.017,1.0726819671102366
4356.03,0.517,1.687,0.015,1.0492932550134824
4356.06,0.501,1.703,0.015,1.2078269482478532
4356.08,0.528,1.627,0.019,1.1498796843296644
4356.09,0.596,1.766,0.017,1.4974176801565817
4356.1,0.518,1.704,0.019,1.152735909953265
4356.11,0.535,1.84,0.018,1.233153929144898
4356.11,0.53,1.877,0.016,1.4339215698760137
4356.11,0.595,1.594,0.017,1.1101841016122251
4356.11,0.535,1.626,0.017,1.3010397558078155
4356.12,0.59,1.599,0.015,1.0166194471562542
4356.12,0.517,1.511,0.015,1.0586001074975238
4356.12,0.563,1.83,0.017,1.3121710446040504
4356.12,0.539,1.887,0.016,1.311499684647377
4356.14,0.566,1.849,0.017,1.4048890046290743
4356.14,0.553,1.724,0.019,1.3414341905775866
4356.15,0.565,1.89,0.018,1.0046530150698307
4356.15,0.531,1.753,0.015,1.2466487756404854
4356.16,0.559,1.868,0.015,1.3568739854177272
4356.16,0.563,1.66,0.017,1.3414204129980656
4356.17,0.523,1.964,0.015,1.3911704997893455
4356.18,0.513,1.825,0.015,1.1688087985172038
4356.2,0.599,1.907,0.016,1.0576375730746648
4356.2,0.578,1.736,0.015,1.4620866910440857
4356.2,0.5,1.872,0.015,1.4947459643147938
4356.23,0.569,1.679,0.019,1.259654423768364
4356.23,0.594,1.996,0.015,1.0792802665393593
4356.23,0.518,1.798,0.018,1.1110285476328825
4356.24,0.554,1.675,0.017,1.053091906403135
4356.24,0.561,1.762,0.016,1.2504941440362964
4356.25,0.566,1.96,0.015,1.4365723072213987
4356.25,0.534,1.715,0.015,1.2095933969259125
4356.26,0.587,1.518,0.015,1.05417632749931
4356.3,0.525,1.742,0.018,1.414784938622816
4356.3,0.543,1.683,0.016,1.177876517245718
4356.32,0.574,1.695,0.018,1.123671188959443
4356.32,0.574,1.697,0.015,1.2277435015536908
4356.33,0.561,1.996,0.016,1.3245735716372942
4356.34,0.567,1.728,0.017,1.2651991158282327
4356.35,0.556,1.712,0.017,1.0354994253706906
4356.36,0.564,1.966,0.018,1.0753617162191647
4356.36,0.556,1.799,0.015,1.185346819461524
4356.38,0.543,1.634,0.018,1.1347572253708023
4356.39,0.506,1.803,0.018,1.3398607292742213
4356.4,0.508,1.875,0.015,1.2584188232187226
4356.42,0.551,1.615,0.018,1.486911977363229
4356.42,0.548,1.809,0.015,1.051933829140963
4356.42,0.528,1.87,0.019,1.3358204691774729
4356.43,0.525,1.567,0.015,1.3985103187547612
4356.44,0.564,1.774,0.017,1.4360363346395277
4356.46,0.587,1.761,0.016,1.3356841577291199
4356.47,0.573,1.915,0.016,1.0348502241793125
4356.48,0.532,1.752,0.015,1.0746501257489713
4356.49,0.565,1.513,0.018,1.4959099382788923
4356.5,0.545,1.769,0.019,1.2992852434639786
4356.5,0.506,1.804,0.016,1.452017524378182
4356.51,0.573,1.954,0.019,1.076227305634073
4356.53,0.502,1.551,0.017,1.0749837596325784
4356.54,0.595,1.802,0.017,1.348442689436413
4356.54,0.56,1.746,0.016,1.4039313371599196
4356.55,0.501,1.962,0.018,1.1800598132662763
4356.55,0.514,1.609,0.019,1.3932910312219458
4356.55,0.589,1.695,0.019,1.0776850788680168
4356.56,0.525,1.777,0.015,1.0702210834008556
4356.56,0.587,1.639,0.015,1.1214375987021836
4356.57,0.525,1.805,0.019,1.1914154231378693
4356.57,0.565,1.583,0.019,1.280526612776616
4356.57,0.586,1.563,0.017,1.477927359707942
4356.57,0.566,1.791,0.018,1.4802401936878935
4356.6,0.514,1.913,0.017,1.273247096881265
4356.61,0.569,1.65,0.015,1.4178422514031288
4356.61,0.556,1.56,0.019,1.4969859681525273
4356.62,0.56,1.657,0.019,1.4477059728021864
4356.63,0.547,1.66,0.016,1.234637025020506
4356.63,0.572,1.761,0.019,1.4469011984221063
4356.64,0.585,1.921,0.017,1.179533610823413
4356.65,0.562,1.983,0.016,1.216236190695463
4356.69,0.573,1.766,0.016,1.2158498175474477
4356.71,0.542,1.685,0.015,1.4886934595645993
4356.72,0.584,1.52,0.015,1.0622345485696112
4356.72,0.506,1.538,0.018,1.3866407547074764
4356.73,0.589,1.833,0.015,1.4951429066174078
4356.75,0.578,1.61,0.016,1.399870999816726
4356.77,0.503,1.707,0.019,1.104909529746471
4356.78,0.518,1.716,0.016,1.4135971988275602
4356.79,0.572,1.554,0.018,1.1767350890493091
4356.8,0.508,1.966,0.017,1.2221629535368899
4356.82,0.564,1.849,0.015,1.3817598206294666
4356.82,0.57,1.744,0.015,1.2375460943980128
4356.83,0.533,1.587,0.018,1.0427011408763667
4356.83,0.594,1.831,0.016,1.193601623563528
4356.84,0.551,1.863,0.015,1.130725484531027
4356.84,0.537,1.772,0.017,1.196591107347553
4356.86,0.541,1.888,0.017,1.453261201528564
4356.87,0.584,1.672,0.015,1.4365767695159093
4356.87,0.586,1.961,0.015,1.1045962157275593
4356.88,0.552,1.94,0.016,1.125319899369853
4356.89,0.556,1.96,0.015,1.2927584988657705
4356.89,0.509,1.635,0.016,1.4506409712236419
4356.9,0.527,1.624,0.019,1.3473771219624648
4356.91,0.522,1.524,0.016,1.1954629872007607
4356.92,0.564,1.673,0.017,1.002200264872831
4356.92,0.595,1.764,0.016,1.1997010357106501
4356.92,0.569,1.66,0.019,1.1992313225030333
4356.93,0.542,1.58,0.019,1.2560478006545996
4356.94,0.521,1.745,0.019,1.4704354236572625
4356.94,0.588,1.523,0.017,1.266386655288774
4356.96,0.522,1.724,0.017,1.4563873667107832
4356.99,0.578,1.655,0.019,1.0571612762800593
4356.99,0.531,1.948,0.019,1.2865541115533041
4356.99,0.531,1.502,0.017,1.1951937153993408
4357.0,0.536,1.719,0.018,1.3105299788895313
4357.0,0.559,1.917,0.016,1.3794337606564921
4357.01,0.595,1.801,0.019,1.029611298893749
4357.01,0.546,1.549,0.019,1.307904089811578
4357.02,0.5,1.627,0.017,1.0336318118434833
4357.03,0.53,1.512,0.019,1.3165792994466972
4357.03,0.597,1.851,0.017,1.2301000841160339
4357.03,0.501,1.57,0.018,1.2603240209659252
4357.05,0.548,1.638,0.015,1.4080050393181203
4357.05,0.542,1.765,0.016,1.3276215633548212
4357.05,0.548,1.576,0.016,1.4409762883855506
4357.05,0.554,1.645,0.015,1.1438652819086612
4357.06,0.599,1.705,0.015,1.3659076130032797
4357.07,0.553,1.793,0.018,1.034917346380027
4357.07,0.543,1.604,0.019,1.1923112692892732
4357.07,0.597,1.777,0.019,1.1540368691816298
4357.07,0.524,1.724,0.018,1.0350909205067895
4357.08,0.519,1.594,0.016,1.0950910124466282
4357.1,0.578,1.642,0.018,1.10133789122392
4357.1,0.513,1.53,0.018,1.1828236141839137
4357.11,0.535,1.774,0.016,1.1517428936173257
4357.11,0.576,1.771,0.018,1.1585815758479072
4357.12,0.595,1.843,0.015,1.084337096864345
4357.12,0.521,1.717,0.018,1.1224270975296786
4357.14,0.522,1.692,0.018,1.1094052572917907
4357.14,0.533,1.539,0.018,1.0714130993214912
4357.15,0.552,1.734,0.016,1.17613752208895
4357.16,0.527,1.855,0.015,1.412570485651899
4357.16,0.584,1.665,0.019,1.0387481904632083
4357.17,0.577,1.576,0.017,1.330299036560315
4357.18,0.512,1.826,0.016,1.2298766222479303
4357.18,0.541,1.966,0.019,1.4457456775046915
4357.18,0.504,1.995,0.019,1.4665065799990509
4357.2,0.512,1.536,0.019,1.448251975193612
4357.22,0.538,1.913,0.018,1.0920317125351051
4357.22,0.553,1.871,0.016,1.4480383740442364
4357.23,0.514,1.612,0.016,1.072551271557932
4357.24,0.564,1.557,0.017,1.4020446280873775
4357.24,0.562,1.64,0.017,1.0897018883779415
4357.25,0.543,1.602,0.017,1.3652529962905369
4357.25,0.525,1.9,0.017,1.102641998127835
4357.3,0.542,1.508,0.019,1.4089480900301181
4357.3,0.537,1.743,0.017,1.3387993071242004
4357.3,0.587,1.864,0.017,1.2580415566225687
4357.31,0.534,1.988,0.016,1.3056842690762311
4357.33,0.563,1.539,0.015,1.380469808346999
4357.34,0.594,1.727,0.017,1.24489085137416
4357.34,0.566,1.553,0.018,1.3423117826788822
4357.34,0.545,1.79,0.016,1.3951544174945794
4357.34,0.566,1.605,0.019,1.1464067912697222
4357.35,0.537,1.883,0.017,1.414849708461069
4357.35,0.598,1.589,0.016,1.2669022187930548
4357.35,0.535,1.576,0.016,1.0795140786945703
4357.35,0.562,1.521,0.017,1.3342996379227279
4357.38,0.577,1.628,0.019,1.243862556405078
4357.39,0.567,1.732,0.017,1.468067161507762
4357.39,0.554,1.981,0.017,1.1389649340218608
4357.39,0.589,1.78,0.016,1.0290269751620935
4357.4,0.53,1.595,0.016,1.0418566187850191
4357.4,0.514,1.632,0.019,1.3010703940958346
4357.41,0.546,1.686,0.019,1.2650511141095127
4357.42,0.503,1.568,0.015,1.2768145060464966
4357.42,0.513,1.818,0.017,1.478847757368214
4357.43,0.553,1.623,0.016,1.4951842905659865
4357.43,0.554,1.924,0.018,1.160329804155521
4357.43,0.593,1.755,0.017,1.4929323109823422
4357.44,0.517,1.785,0.017,1.1418894549075433
4357.46,0.511,1.737,0.015,1.2810035804485016
4357.47,0.505,1.676,0.016,1.0405628433233853
4357.48,0.55,1.881,0.015,1.1561829596827904
4357.48,0.557,1.735,0.018,1.2478696702153036
4357.49,0.538,1.574,0.019,1.2466003583947152
4357.5,0.55,1.518,0.018,1.159886864898964
4357.5,0.515,1.864,0.019,1.316249961995583
4357.53,0.547,1.509,0.016,1.1554417541048472
4357.54,0.54,1.616,0.019,1.0290693751917295
4357.54,0.574,1.609,0.015,1.4360067611569955
4357.54,0.533,1.626,0.018,1.208548368496155
4357.55,0.503,1.961,0.018,1.494383244947901
4357.55,0.596,1.833,0.018,1.093169734846435
4357.56,0.589,1.706,0.015,1.4655114597416572
4357.58,0.531,1.702,0.018,1.0745746588164728
4357.6,0.534,1.663,0.019,1.3840690633710002
4357.6,0.524,1.903,0.017,1.371483832826077
4357.61,0.534,1.589,0.015,1.1476309284146433
4357.63,0.53,1.76,0.015,1.0880586242130184
4357.64,0.58,1.967,0.015,1.1298182593861164
4357.65,0.597,1.567,0.019,1.2211929078519526
4357.66,0.535,1.656,0.016,1.0721391573198844
4357.68,0.568,1.832,0.015,1.3016420021099426
4357.7,0.579,1.586,0.019,1.4306623800000824
4357.71,0.583,1.867,0.019,1.3018291382055567
4357.71,0.535,1.724,0.017,1.4555810779737142
4357.72,0.539,1.96,0.018,1.4635494549595105
4357.72,0.563,1.885,0.017,1.359966980352997
4357.73,0.528,1.862,0.015,1.1157820475040623
4357.75,0.507,1.773,0.017,1.4501582317389317
4357.76,0.575,1.519,0.018,1.4879276573793532
4357.76,0.55,1.966,0.019,1.280151660072674
4357.76,0.539,1.65,0.019,1.4118399029319153
4357.77,0.575,1.945,0.016,1.4598794006735194
4357.78,0.506,1.534,0.017,1.4262854812832215
4357.78,0.597,1.772,0.019,1.138132370183901
4357.8,0.564,1.869,0.019,1.335367713319262
4357.81,0.528,1.781,0.015,1.1375357016198764
4357.81,0.583,1.868,0.019,1.1341855449641005
4357.81,0.53,1.582,0.019,1.338776265049747
4357.82,0.556,1.626,0.015,1.343765847837176
4357.83,0.556,1.63,0.019,1.2741130857535872
4357.83,0.567,1.899,0.016,1.412823488089158
4357.84,0.514,1.634,0.017,1.0295980740819315
4357.84,0.58,1.518,0.016,1.0201929355660206
4357.84,0.566,1.596,0.015,1.2367734363730696
4357.84,0.593,1.53,0.019,1.373808107081691
4357.86,0.593,1.765,0.017,1.1077428611589357
4357.87,0.569,1.909,0.015,1.2215990817668965
4357.89,0.554,1.913,0.019,1.3864518057459017
4357.9,0.586,1.561,0.019,1.2936084838155297
4357.9,0.581,1.988,0.018,1.2292543073787026
4357.91,0.527,1.624,0.016,1.4305968844856667
4357.91,0.515,1.544,0.015,1.41090966304453
4357.91,0.518,1.935,0.017,1.1388909540258592
4357.92,0.5,1.531,0.016,1.0038801843707945
4357.93,0.51,1.781,0.019,1.0372564695957431
4357.93,0.584,1.807,0.015,1.317529561251958
4357.96,0.594,1.548,0.016,1.212796437207629
4357.96,0.567,1.511,0.019,1.3343197025790536
4357.97,0.576,1.977,0.019,1.4616360000687838
4357.97,0.587,1.707,0.019,1.098182381098408
4357.98,0.553,1.763,0.018,1.0239279167110067
4357.98,0.598,1.638,0.015,1.1774019196743053
4357.99,0.5,1.603,0.018,1.4578862201777563
4358.0,0.574,1.893,0.015,1.358526786351732
4358.03,0.586,1.504,0.016,1.440565857639959
4358.05,0.561,1.855,0.018,1.410269638703829
4358.05,0.518,1.642,0.016,1.0558997955817784
4358.05,0.58,1.717,0.015,1.3636362271892901
4358.06,0.525,1.938,0.018,1.1244204634903563
4358.06,0.562,1.782,0.018,1.2584063644141372
4358.1,0.505,1.754,0.015,1.1846885742941367
4358.12,0.506,1.87,0.015,1.0514993207821153
4358.14,0.509,1.663,0.017,1.2660830800415672
4358.15,0.584,1.937,0.016,1.1086751987967003
4358.15,0.502,1.951,0.018,1.2320763538939956
4358.16,0.589,1.737,0.015,1.387188034919346
4358.16,0.507,1.769,0.018,1.3883054411797067
4358.16,0.586,1.838,0.015,1.2166278001518767
4358.16,0.552,1.628,0.019,1.3670266662971824
4358.16,0.553,1.598,0.018,1.078807171833795
4358.17,0.513,1.82,0.015,1.0769137708225751
4358.18,0.532,1.51,0.018,1.0957578040019782
4358.2,0.595,1.554,0.015,1.0501368687116166
4358.2,0.599,1.678,0.019,1.0994939189076547
4358.22,0.598,1.78,0.015,1.3919198808092117
4358.23,0.536,1.523,0.019,1.1398978550207666
4358.23,0.54,1.644,0.017,1.2555633147437095
4358.24,0.523,1.581,0.016,1.2108961574774684
4358.24,0.572,1.548,0.016,1.3850881248755802
4358.24,0.581,1.718,0.016,1.1039659361070524
4358.25,0.504,1.769,0.016,1.4548473107274646
4358.26,0.504,1.83,0.018,1.0461103266752678
4358.27,0.527,1.697,0.018,1.444561639450372
4358.27,0.568,1.549,0.015,1.1540037077481347
4358.27,0.531,1.864,0.019,1.3091994936983695
4358.27,0.564,1.732,0.015,1.2052978492241588
4358.28,0.553,1.819,0.016,1.1224563302813237
4358.28,0.571,1.546,0.019,1.2207100998993838
4358.28,0.596,1.679,0.015,1.2726479761694534
4358.3,0.586,1.671,0.017,1.3035054379193654
4358.33,0.561,1.588,0.019,1.279957779752306
4358.34,0.582,1.668,0.017,1.4764795527168675
4358.36,0.599,1.647,0.018,1.256748133419528
4358.39,0.575,1.719,0.015,1.4039568340403505
4358.39,0.507,1.832,0.018,1.3635362369829864
4358.4,0.552,1.956,0.015,1.4547303186164717
4358.4,0.554,1.972,0.016,1.465509737780809
4358.42,0.512,1.809,0.019,1.0143616445864456
4358.42,0.528,1.619,0.017,1.036971674110639
4358.42,0.524,1.771,0.017,1.1707061362292674
4358.44,0.518,1.752,0.019,1.4092127696113201
4358.45,0.513,1.521,0.015,1.2992279821551245
4358.46,0.594,1.87,0.019,1.4358340410309767
4358.46,0.542,1.995,0.019,1.284832473872126
4358.49,0.549,1.542,0.018,1.3301809379909495
4358.5,0.584,1.887,0.019,1.0215516731357361
4358.52,0.56,1.99,0.018,1.0402849406891912
4358.54,0.562,1.649,0.015,1.2397855698615419
4358.54,0.578,1.655,0.017,1.4046385093582237
4358.55,0.53,1.519,0.018,1.3398571965074237
4358.56,0.54,1.861,0.018,1.243920961165752
4358.56,0.501,1.919,0.017,1.496281459668431
4358.56,0.524,1.585,0.017,1.4180342790534455
4358.57,0.511,1.605,0.016,1.1358601609999848
4358.57,0.509,1.739,0.019,1.3155318659991548
4358.57,0.577,1.83,0.017,1.4022329906533813
4358.59,0.555,1.895,0.019,1.0286225185599718
4358.59,0.571,1.742,0.016,1.1815310690877425
4358.61,0.546,1.891,0.017,1.3823591177138488
4358.63,0.585,1.862,0.016,1.3415376299584023
4358.63,0.536,1.769,0.016,1.225058991264604
4358.63,0.593,1.858,0.017,1.2838215000866244
4358.67,0.501,1.844,0.015,1.4925447996758152
4358.67,0.576,1.694,0.017,1.2875063209562914
4358.68,0.509,1.523,0.017,1.4223276138001597
4358.68,0.529,1.751,0.019,1.3271877647520272
4358.68,0.542,1.569,0.016,1.2030169770298413
4358.69,0.507,1.96,0.016,1.2221686730920023
4358.71,0.52,1.788,0.016,1.345951334448227
4358.71,0.55,1.556,0.016,1.0258996098421098
4358.72,0.586,1.973,0.017,1.300210832908376
4358.73,0.596,1.94,0.018,1.0013660609019197
4358.73,0.5,1.575,0.015,1.2225595347398819
4358.73,0.563,1.546,0.016,1.0236991519122205
4358.73,0.574,1.741,0.016,1.353990605172115
4358.74,0.589,1.869,0.016,1.0847193274939686
4358.75,0.544,1.809,0.015,1.3776150631409794
4358.77,0.592,1.903,0.016,1.2619077018757183
4358.78,0.568,1.67,0.016,1.2646150184074527
4358.79,0.506,1.851,0.016,1.3777381687379966
4358.8,0.56,1.559,0.017,1.4435540702801337
4358.81,0.563,1.767,0.017,1.4379910307957404
4358.81,0.586,1.597,0.019,1.3916289887680315
4358.82,0.505,1.636,0.017,1.431639565197504
4358.83,0.588,1.954,0.019,1.175657176730245
4358.85,0.536,1.969,0.017,1.1725325010448755
4358.85,0.595,1.873,0.018,1.177471974099814
4358.86,0.563,1.686,0.016,1.49402705388919
4358.86,0.58,1.961,0.015,1.4467743180476897
4358.86,0.556,1.836,0.018,1.2393061270676569
4358.87,0.528,1.815,0.017,1.330848572266034
4358.9,0.521,1.587,0.017,1.4986965718315415
4358.91,0.582,1.714,0.015,1.028490399168022
4358.91,0.553,1.857,0.015,1.4482902937567705
4358.93,0.581,1.683,0.018,1.4250561262923829
4358.94,0.535,1.682,0.015,1.4699243649514708
4358.94,0.597,1.511,0.016,1.2387710836104602
4358.94,0.539,1.753,0.016,1.1176149002386735
4358.95,0.564,1.625,0.015,1.0043379392042395
4358.96,0.507,1.876,0.017,1.0895926345702098
4358.96,0.588,1.62,0.016,1.0955472245179827
4358.97,0.584,1.91,0.019,1.2540035353112906
4358.98,0.532,1.662,0.019,1.1756088630316888
4358.99,0.543,1.928,0.017,1.3342674625614859
4359.0,0.569,1.539,0.016,1.4368875425367738
4359.01,0.541,1.575,0.019,1.3582552963151149
4359.02,0.569,1.7,0.016,1.1441566553180866
4359.02,0.599,1.895,0.018,1.1365597350630698
4359.02,0.556,1.788,0.019,1.1847455094741772
4359.02,0.568,1.981,0.017,1.2978388648464327
4359.03,0.551,1.652,0.017,1.4693648039988383
4359.03,0.528,1.652,0.017,1.0251834797178496
4359.03,0.568,1.762,0.015,1.2570365905305307
4359.04,0.585,1.967,0.018,1.0743534064452702
4359.05,0.504,1.509,0.019,1.150831839160716
4359.06,0.513,1.995,0.016,1.045915292307427
4359.09,0.57,1.566,0.019,1.284115403527037
4359.1,0.551,1.552,0.017,1.1308382151268075
4359.1,0.563,1.914,0.018,1.1340803502532293
4359.1,0.59,1.563,0.017,1.341754540894915
4359.11,0.597,1.974,0.017,1.0283064863043816
4359.13,0.557,1.556,0.017,1.4322954210616545
4359.13,0.546,1.639,0.019,1.3328592296816897
4359.13,0.562,1.568,0.017,1.0778623069102462
4359.14,0.514,1.869,0.017,1.2175544463890335
4359.14,0.561,1.952,0.015,1.175709882695501
4359.16,0.553,1.709,0.016,1.0481607817184324
4359.17,0.546,1.804,0.015,1.4296633654521904
4359.17,0.512,1.917,0.015,1.4403799254012073
4359.17,0.525,1.691,0.019,1.0274923716291076
4359.17,0.591,1.805,0.017,1.1278842201445813
4359.18,0.594,1.513,0.017,1.377156390459502
4359.18,0.545,1.966,0.019,1.0160037028471955
4359.18,0.506,1.825,0.018,1.0335668921023133
4359.18,0.572,1.939,0.018,1.4118245028964185
4359.18,0.598,1.52,0.015,1.0034968456243705
4359.19,0.59,1.774,0.019,1.2918818824534963
4359.21,0.535,1.788,0.019,1.4517432979977007
4359.21,0.539,1.645,0.018,1.1640288326275599
4359.22,0.529,1.666,0.019,1.198900376276923
4359.23,0.524,1.815,0.019,1.1140523767782171
4359.24,0.56,1.695,0.015,1.095007633512798
4359.25,0.568,1.981,0.017,1.353757345828749
4359.25,0.576,1.616,0.017,1.4763954679577829
4359.26,0.545,1.636,0.015,1.284965572954357
4359.27,0.555,1.911,0.018,1.4678877341849361
4359.27,0.548,1.548,0.016,1.1878452638771764
4359.29,0.526,1.542,0.016,1.2036773592821723
4359.35,0.577,1.697,0.016,1.324787786408419
4359.35,0.523,1.866,0.017,1.4817892884772488
4359.36,0.556,1.747,0.016,1.2176730595549947
4359.37,0.516,1.517,0.018,1.2160189709468947
4359.38,0.543,1.739,0.016,1.1884995103422176
4359.38,0.548,1.556,0.016,1.3139103170397468
4359.38,0.516,1.778,0.019,1.4115229554009687
4359.4,0.533,1.718,0.017,1.2917957470352701
4359.4,0.511,1.946,0.019,1.3110584020221405
4359.4,0.532,1.54,0.016,1.290441701438946
4359.42,0.566,1.63,0.016,1.0318787919491
4359.43,0.574,1.785,0.015,1.3473564302276
4359.44,0.535,1.664,0.017,1.1595918743903146
4359.44,0.586,1.857,0.017,1.00106553322508
4359.45,0.584,1.566,0.019,1.4094360030377282
4359.45,0.56,1.923,0.019,1.2806992741849905
4359.46,0.514,1.912,0.016,1.1883333817041666
4359.46,0.588,1.623,0.016,1.4110477822524548
4359.46,0.529,1.539,0.016,1.1489835071156245
4359.53,0.561,1.76,0.015,1.011541491235766
4359.54,0.558,1.933,0.017,1.332394399104396
4359.55,0.564,1.622,0.018,1.4595841390875468
4359.55,0.595,1.598,0.018,1.0027482414820885
4359.55,0.524,1.93,0.016,1.1454997553822595
4359.56,0.551,1.739,0.019,1.3371604373532464
4359.56,0.584,1.877,0.019,1.3630705304043798
4359.56,0.524,1.772,0.016,1.2272651506267545
4359.56,0.541,1.531,0.019,1.322849644550131
4359.6,0.581,1.895,0.018,1.2668172003419074
4359.63,0.522,1.952,0.019,1.458006751950745
4359.64,0.536,1.853,0.016,1.3329115244774348
4359.64,0.598,1.93,0.019,1.2375770200289309
4359.65,0.579,1.905,0.015,1.215891097344029
4359.65,0.555,1.614,0.019,1.443920091715461
4359.66,0.553,1.658,0.016,1.3879711805773665
4359.66,0.516,1.664,0.015,1.2287415685086664
4359.66,0.591,1.605,0.016,1.0269278737706717
4359.67,0.541,1.9,0.015,1.0228367723436598
4359.68,0.521,1.644,0.017,1.21536660907462
4359.69,0.533,1.884,0.015,1.4065475152256846
4359.7,0.585,1.779,0.016,1.106901828598022
4359.71,0.573,1.648,0.018,1.1548848145433845
4359.73,0.508,1.68,0.015,1.437798790593547
4359.73,0.596,1.742,0.017,1.111430164084795
4359.74,0.548,1.714,0.015,1.426836978931546
4359.74,0.561,1.718,0.016,1.2511188790791985
4359.74,0.521,1.667,0.017,1.055322608705974
4359.76,0.556,1.88,0.017,1.4815693898885833
4359.76,0.541,1.681,0.019,1.057792426859606
4359.79,0.529,1.513,0.017,1.422774155555956
4359.79,0.532,1.694,0.016,1.1142231040595676
4359.83,0.525,1.657,0.017,1.4630399292500722
4359.83,0.517,1.764,0.017,1.0406218333758404
4359.84,0.551,1.52,0.019,1.1371882668492368
4359.85,0.555,1.923,0.018,1.3986002928082415
4359.85,0.567,1.631,0.019,1.3154729884863436
4359.86,0.523,1.837,0.019,1.1834223348332622
4359.87,0.573,1.987,0.015,1.135134388631531
4359.87,0.514,1.543,0.019,1.115817514741773
4359.88,0.568,1.749,0.019,1.0488551022766854
4359.88,0.514,1.762,0.016,1.0572027898988305
4359.88,0.524,1.759,0.016,1.4932742356007973
4359.88,0.522,1.641,0.015,1.1324367558691233
4359.89,0.555,1.757,0.019,1.409096836923102
4359.89,0.587,1.57,0.018,1.067234146545527
4359.91,0.57,1.559,0.016,1.2750734011541627
4359.92,0.521,1.537,0.018,1.0697115126266792
4359.92,0.553,1.964,0.015,1.1087706369914558
4359.93,0.58,1.518,0.017,1.3056046590463801
4359.93,0.526,1.995,0.019,1.2195828653642604
4359.95,0.549,1.943,0.015,1.3946522950868177
4359.95,0.521,1.877,0.019,1.4059899152861393
4359.97,0.502,1.683,0.018,1.1187270780946554
4359.98,0.537,1.797,0.016,1.427013177319685
4359.99,0.569,1.811,0.017,1.488169083496277
4360.01,0.503,1.839,0.016,1.0524227513634083
4360.01,0.59,1.99,0.018,1.2241131753260488
4360.02,0.558,1.948,0.016,1.116295348487438
4360.03,0.561,1.866,0.019,1.409948691367761
4360.03,0.521,1.954,0.019,1.291072139035866
4360.06,0.552,1.646,0.018,1.385757107199999
4360.06,0.5,1.641,0.019,1.0782104013953688
4360.06,0.572,1.777,0.017,1.0239204387946717
4360.06,0.599,1.943,0.018,1.108819316354636
4360.1,0.583,1.761,0.016,1.0983397020988233
4360.13,0.52,1.515,0.017,1.4294954433378608
4360.14,0.502,1.974,0.016,1.3885031252580289
4360.14,0.585,1.711,0.019,1.250971722114348
4360.16,0.5,1.54,0.017,1.3001822405952632
4360.17,0.54,1.605,0.018,1.182697671083841
4360.17,0.501,1.524,0.016,1.1189551975236551
4360.17,0.592,1.882,0.015,1.0309682778130465
4360.18,0.558,1.893,0.019,1.374308758555771
4360.18,0.572,1.998,0.018,1.4448973259073612
4360.2,0.513,1.746,0.016,1.2298385593655952
4360.2,0.596,1.949,0.015,1.3796253647455328
4360.21,0.592,1.889,0.016,1.1702074115406114
4360.22,0.55,1.535,0.016,1.4441445070668735
4360.22,0.544,1.582,0.017,1.1449812890818734
4360.23,0.537,1.913,0.018,1.418800373372612
4360.23,0.545,1.565,0.018,1.1242862076561955
4360.24,0.543,1.624,0.016,1.0497884115731526
4360.24,0.55,1.795,0.016,1.0322924006413565
4360.26,0.538,1.844,0.017,1.3386051965574288
4360.26,0.553,1.945,0.017,1.1931157900998406
4360.26,0.53,1.631,0.017,1.4901947140847436
4360.27,0.529,1.952,0.019,1.1326996296827265
4360.29,0.585,1.55,0.015,1.4626338342166132
4360.29,0.563,1.95,0.017,1.3013287462191174
4360.31,0.558,1.558,0.016,1.447208183645716
4360.31,0.58,1.686,0.018,1.0893459675836263
4360.32,0.54,1.848,0.016,1.1851839376366569
4360.32,0.516,1.739,0.016,1.2615301204708247
4360.33,0.51,1.527,0.018,1.447379235924014
4360.34,0.54,1.867,0.015,1.2089570705193087
4360.34,0.51,1.718,0.016,1.0728229657261215
4360.35,0.536,1.832,0.015,1.1766257179527395
4360.36,0.577,1.59,0.017,1.2721752714139511
4360.37,0.535,1.966,0.018,1.121544824656411
4360.37,0.59,1.681,0.018,1.1301437618342804
4360.39,0.553,1.596,0.017,1.190791870498016
4360.42,0.568,1.963,0.015,1.4244255966449089
4360.45,0.574,1.625,0.018,1.344973937386843
4360.47,0.567,1.831,0.016,1.209018676639341
4360.47,0.514,1.806,0.018,1.0747928439936214
4360.48,0.565,1.661,0.015,1.3865621952701064
4360.48,0.538,1.731,0.015,1.2913483879665488
4360.48,0.531,1.976,0.018,1.2387716766543433
4360.48,0.55,1.789,0.019,1.3485955093705766
4360.48,0.573,1.585,0.019,1.383184760061448
4360.49,0.562,1.827,0.018,1.3520327803711973
4360.5,0.519,1.656,0.017,1.1490562879726984
4360.51,0.531,1.767,0.019,1.220987815916019
4360.52,0.563,1.729,0.019,1.218010267121493
4360.52,0.524,1.616,0.017,1.149999602135454
4360.53,0.507,1.552,0.016,1.330844971431376
4360.54,0.505,1.651,0.019,1.0678635804428511
4360.54,0.573,1.818,0.016,1.1990624737396176
4360.55,0.581,1.84,0.017,1.1381195689228811
4360.55,0.508,1.638,0.016,1.0206315122585903
4360.57,0.59,1.716,0.017,1.4147322827131634
4360.57,0.596,1.913,0.017,1.075413306243921
4360.57,0.532,1.797,0.019,1.2431377154606484
4360.58,0.531,1.503,0.019,1.0055159579998287
4360.59,0.513,1.72,0.018,1.2573413784714351
4360.59,0.574,1.846,0.017,1.2224187332942116
4360.59,0.535,1.513,0.019,1.2925123127754103
4360.6,0.576,1.739,0.015,1.1724751012330314
4360.61,0.521,1.665,0.017,1.3664375797117583
4360.61,0.536,1.81,0.015,1.1092602277631363
4360.61,0.556,1.889,0.016,1.3615943431470203
4360.63,0.562,1.978,0.016,1.4027085633961354
4360.64,0.578,1.925,0.017,1.4483273255481606
4360.64,0.558,1.709,0.017,1.4039645330776684
4360.64,0.567,1.702,0.016,1.3299703185649103
4360.65,0.511,1.796,0.018,1.3351900367734453
4360.66,0.523,1.758,0.015,1.2110136703980978
4360.68,0.547,1.662,0.018,1.431424431051267
4360.68,0.523,1.991,0.017,1.4043699957032252
4360.7,0.583,1.793,0.018,1.00245231511879
4360.71,0.578,1.865,0.016,1.0456246978768284
4360.72,0.595,1.609,0.019,1.3986191851074157
4360.73,0.593,1.908,0.015,1.0341229751956846
4360.74,0.558,1.775,0.017,1.248354827617386
4360.74,0.565,1.519,0.018,1.4841939227171477
4360.75,0.561,1.674,0.016,1.1507029423937816
4360.75,0.552,1.523,0.019,1.3806369113323753
4360.77,0.545,1.929,0.018,1.2835664800983073
4360.77,0.513,1.626,0.015,1.2499475532349043
4360.78,0.556,1.541,0.015,1.164634161111291
4360.8,0.582,1.982,0.019,1.3154146843690544
4360.81,0.521,1.592,0.016,1.3980744227298239
4360.81,0.546,1.912,0.017,1.153775191782326
4360.81,0.531,1.696,0.015,1.2534983542701101
4360.81,0.501,1.889,0.016,1.008682896261961
4360.81,0.515,1.713,0.018,1.2057624468347892
4360.82,0.559,1.898,0.018,1.2174953655000345
4360.82,0.581,1.899,0.019,1.2364518647359843
4360.82,0.503,1.708,0.017,1.0920983357467409
4360.82,0.579,1.69,0.017,1.2811001227968921
4360.82,0.529,1.924,0.015,1.3029018485676573
4360.83,0.523,1.942,0.016,1.0400149016604021
4360.84,0.542,1.525,0.015,1.2405956461629233
4360.86,0.567,1.887,0.017,1.1724045930062874
4360.87,0.542,1.599,0.019,1.2483809875617968
4360.87,0.522,1.778,0.015,1.173460903451105
4360.88,0.589,1.735,0.018,1.259594513190271
4360.89,0.589,1.924,0.015,1.349240227274252
4360.89,0.519,1.922,0.016,1.11957322943719
4360.9,0.566,1.631,0.018,1.2489979619062979
4360.9,0.551,1.812,0.017,1.2095241279784696
4360.91,0.58,1.91,0.015,1.3627834235670533
4360.91,0.521,1.888,0.016,1.4370600746827928
4360.91,0.595,1.604,0.019,1.4201280871160853
4360.93,0.542,1.526,0.019,1.24736275981134
4360.95,0.549,1.716,0.018,1.1724392088889342
4360.96,0.5,1.932,0.019,1.050679581646027
4360.99,0.587,1.511,0.019,1.374757911683597
4360.99,0.596,1.874,0.018,1.3086556433828083
4360.99,0.545,1.531,0.019,1.2039883730399668
4360.99,0.569,1.903,0.015,1.1248476986950329
4361.0,0.585,1.669,0.015,1.097110466178502
4361.01,0.588,1.684,0.018,1.1177285103826822
4361.02,0.556,1.837,0.015,1.3215082045644226
4361.03,0.575,1.957,0.018,1.3022713913546322
4361.03,0.535,1.603,0.016,1.278802575020936
4361.04,0.506,1.86,0.016,1.346223329101506
4361.07,0.569,1.767,0.019,1.3754696910412056
4361.08,0.566,1.618,0.018,1.4402342310608647
4361.09,0.515,1.625,0.017,1.1761999129871086
4361.09,0.556,1.973,0.018,1.3827798152323463
4361.1,0.515,1.712,0.019,1.049826747202319
4361.1,0.521,1.835,0.018,1.2821284195069964
4361.11,0.531,1.768,0.018,1.3305502732742356
4361.13,0.535,1.56,0.016,1.1237583442630783
4361.14,0.552,1.609,0.016,1.0740063185465134
4361.14,0.564,1.571,0.015,1.3901799942458566
4361.18,0.501,1.503,0.015,1.4824475720929169
4361.2,0.591,1.637,0.016,1.1193264014576991
4361.22,0.523,1.786,0.019,1.1656709416960402
4361.23,0.517,1.932,0.018,1.313453148205992
4361.23,0.538,1.981,0.015,1.2132792579168945
4361.26,0.546,1.636,0.015,1.340061451409984
4361.27,0.591,1.529,0.017,1.1520535182914111
4361.27,0.509,1.625,0.018,1.397072008392093
4361.29,0.581,1.676,0.015,1.0225123236043239
4361.29,0.542,1.695,0.016,1.211515503662175
4361.29,0.574,1.567,0.017,1.1093479366710153
4361.3,0.596,1.651,0.019,1.2613373314214051
4361.31,0.55,1.679,0.019,1.219865082840191
4361.32,0.525,1.987,0.019,1.3537650084016328
4361.32,0.575,1.658,0.016,1.2016580236832797
4361.32,0.503,1.806,0.017,1.4843918024140452
4361.33,0.589,1.597,0.016,1.014178045596308
4361.33,0.522,1.71,0.019,1.4803210545507235
4361.33,0.512,1.55,0.018,1.2659366890784456
4361.35,0.573,1.751,0.015,1.46491216614166
4361.36,0.562,1.981,0.016,1.4406540319751455
4361.38,0.564,1.767,0.019,1.0559437427041536
4361.38,0.544,1.768,0.018,1.352035530210407
4361.38,0.53,1.6,0.019,1.2242714700310244
4361.38,0.528,1.957,0.017,1.2295575506203438
4361.39,0.561,1.845,0.015,1.2683962327327503
4361.4,0.515,1.962,0.019,1.134488233132544
4361.4,0.57,1.774,0.018,1.3924865285186412
4361.41,0.566,1.806,0.017,1.2156206059203494
4361.42,0.516,1.516,0.016,1.1048052511630249
4361.42,0.595,1.967,0.016,1.319017303830175
4361.42,0.58,1.859,0.019,1.487925816884814
4361.43,0.523,1.548,0.018,1.1893728156985397
4361.43,0.554,1.984,0.018,1.081195683117007
4361.43,0.547,1.75,0.018,1.4153980456765243
4361.43,0.579,1.615,0.015,1.0017423738456004
4361.44,0.575,1.751,0.016,1.3905837720507044
4361.44,0.567,1.762,0.015,1.1530635889321592
4361.45,0.545,1.712,0.018,1.2699572191569135
4361.45,0.598,1.793,0.017,1.023007207634095
4361.47,0.546,1.585,0.017,1.363756966104436
4361.47,0.502,1.546,0.017,1.348852031869145
4361.48,0.546,1.683,0.017,1.1851672600682344
4361.51,0.531,1.849,0.016,1.2550530488450975
4361.52,0.51,1.901,0.015,1.333603392556009
4361.52,0.529,1.838,0.017,1.0806895274756423
4361.52,0.527,1.733,0.015,1.2175784229266395
4361.54,0.535,1.92,0.016,1.1104805029565052
4361.54,0.587,1.729,0.019,1.2470565782620513
4361.56,0.581,1.976,0.015,1.3277516050775373
4361.58,0.554,1.862,0.019,1.3594175201899268
4361.59,0.597,1.555,0.017,1.0652335331796061
4361.6,0.592,1.67,0.015,1.0931766437779293
4361.62,0.577,1.77,0.017,1.3482308703877748
4361.63,0.519,1.587,0.019,1.4516540099716382
4361.64,0.576,1.689,0.018,1.0477960213077568
4361.66,0.502,1.759,0.016,1.251812962278224
4361.66,0.575,1.963,0.015,1.2048433460785528
4361.68,0.544,1.891,0.017,1.1158398856709746
4361.69,0.512,1.777,0.016,1.3077804284251455
4361.7,0.533,1.782,0.018,1.403080945872892
4361.7,0.562,1.73,0.019,1.4091052235152701
4361.71,0.527,1.904,0.017,1.3664242624511107
4361.71,0.5,1.602,0.016,1.0957708516742588
4361.72,0.536,1.735,0.019,1.2509161487406082
4361.73,0.539,1.841,0.017,1.170402939444837
4361.74,0.589,1.831,0.018,1.1997937846535651
4361.74,0.578,1.983,0.016,1.29739341944665
4361.74,0.528,1.717,0.015,1.3605970643262246
4361.74,0.577,1.615,0.016,1.0213247456728898
4361.75,0.598,1.938,0.018,1.3004254086088314
4361.76,0.566,1.797,0.018,1.1675860620938827
4361.76,0.518,1.851,0.018,1.3483159023746563
4361.77,0.583,1.864,0.018,1.1311271424010252
4361.79,0.586,1.666,0.016,1.4449443020508959
4361.8,0.579,1.917,0.018,1.079618304992226
4361.8,0.567,1.629,0.017,1.448080575398139
4361.82,0.564,1.704,0.017,1.218592411650249
4361.82,0.506,1.951,0.017,1.3407019233937454
4361.82,0.566,1.605,0.018,1.1541252195239668
4361.82,0.512,1.897,0.016,1.2334565464451588
4361.82,0.552,1.857,0.016,1.095855896303429
4361.83,0.588,1.704,0.015,1.3988237515093809
4361.83,0.535,1.551,0.019,1.473107049228827
4361.86,0.58,1.779,0.017,1.1579005938346323
4361.86,0.57,1.778,0.016,1.1376178144026157
4361.86,0.549,1.546,0.016,1.101085051370199
4361.89,0.513,1.788,0.019,1.289010693901301
4361.89,0.543,1.556,0.017,1.4202627529089566
4361.9,0.54,1.881,0.015,1.0666180868006112
4361.92,0.533,1.804,0.018,1.0728465220148384
4361.93,0.56,1.5,0.016,1.2891044238764002
4361.94,0.517,1.566,0.017,1.451218987272073
4361.94,0.543,1.717,0.017,1.3635868988400046
4361.95,0.588,1.746,0.019,1.1213171680653593
4361.95,0.537,1.523,0.018,1.2170505051358602
4361.95,0.586,1.998,0.016,1.2596858685958132
4361.95,0.596,1.575,0.019,1.420098655740024
4361.95,0.526,1.796,0.016,1.2867911878647833
4361.96,0.576,1.952,0.015,1.1490121488199658
4361.97,0.538,1.809,0.018,1.4419722865456288
4361.98,0.511,1.644,0.017,1.4231055213230386
4361.98,0.529,1.968,0.016,1.4195602066092488
4361.99,0.522,1.55,0.018,1.4217792152794408
4361.99,0.541,1.599,0.018,1.0231805499313609
4362.02,0.524,1.981,0.019,1.12589557493761
4362.03,0.508,1.833,0.019,1.3613281723745394
4362.03,0.535,1.842,0.017,1.2834395262534788
4362.06,0.526,1.897,0.016,1.330100417391753
4362.06,0.509,1.713,0.018,1.0706019825063011
4362.06,0.556,1.837,0.019,1.2225335355993396
4362.07,0.525,1.997,0.016,1.2816393513701068
4362.07,0.533,1.9,0.015,1.0137177201061593
4362.07,0.545,1.922,0.017,1.1530990429069794
4362.07,0.53,1.932,0.015,1.2183893337970173
4362.08,0.557,1.539,0.015,1.3921694893182064
4362.08,0.531,1.918,0.015,1.050353480462849
4362.09,0.519,1.923,0.017,1.0897364137332484
4362.11,0.565,1.613,0.016,1.404217665574786
4362.13,0.518,1.686,0.015,1.3640175734180051
4362.15,0.581,1.621,0.016,1.48574005387086
4362.15,0.551,1.655,0.018,1.2499953597779037
4362.16,0.555,1.784,0.016,1.1862553498574795
4362.18,0.516,1.819,0.018,1.174971200832187
4362.19,0.577,1.61,0.015,1.1674081864443342
4362.22,0.515,1.963,0.019,1.3803373583010345
4362.24,0.524,1.516,0.017,1.0200988062832692
4362.25,0.565,1.521,0.018,1.276503235616349
4362.26,0.514,1.765,0.019,1.4195707245056424
4362.27,0.539,1.763,0.018,1.4282793906231324
4362.27,0.579,1.689,0.015,1.2281159093034941
4362.3,0.553,1.674,0.017,1.0279801333516285
4362.32,0.547,1.903,0.017,1.251566515282258
4362.34,0.597,1.524,0.018,1.1559837972420066
4362.36,0.527,1.788,0.017,1.428214280407136
4362.36,0.518,1.97,0.017,1.4943617394906366
4362.37,0.556,1.636,0.019,1.3441440111334217
4362.37,0.543,1.886,0.019,1.424540296993235
4362.37,0.581,1.573,0.019,1.289463884802393
4362.37,0.531,1.881,0.019,1.1186884830924768
4362.37,0.534,1.938,0.016,1.2382999600010878
4362.38,0.575,1.906,0.018,1.249547972092845
4362.38,0.56,1.852,0.018,1.301811975252746
4362.39,0.501,1.882,0.018,1.0590915645806795
4362.4,0.51,1.957,0.015,1.1352702289020482
4362.4,0.554,1.667,0.016,1.0845838290176908
4362.41,0.566,1.532,0.016,1.387934906001861
4362.41,0.551,1.85,0.016,1.3215947577908436
4362.42,0.521,1.678,0.018,1.2035289698064129
4362.42,0.518,1.678,0.018,1.0599001124856169
4362.43,0.515,1.682,0.019,1.4347034764256268
4362.43,0.56,1.962,0.018,1.0712907150643847
4362.44,0.501,1.503,0.017,1.1898997169069228
4362.44,0.56,1.954,0.015,1.440022567778617
4362.45,0.532,1.929,0.016,1.142902555571395
4362.46,0.554,1.963,0.018,1.198477714200901
4362.46,0.582,1.521,0.019,1.4807347999008122
4362.47,0.562,1.903,0.019,1.2970282216346152
4362.47,0.589,1.631,0.015,1.2269900839718808
4362.5,0.555,1.937,0.018,1.202203011110573
4362.51,0.545,1.782,0.017,1.2432666580373
4362.51,0.512,1.861,0.015,1.3749828344926378
4362.52,0.599,1.946,0.016,1.2101612193877953
4362.52,0.514,1.999,0.017,1.0665224876781287
4362.53,0.516,1.55,0.016,1.1195855158513717
4362.53,0.521,1.724,0.019,1.1724560309815621
4362.54,0.581,1.654,0.019,1.2450141747707768
4362.54,0.535,1.919,0.019,1.0692481654610733
4362.54,0.543,1.551,0.018,1.4536264740240885
4362.57,0.584,1.631,0.018,1.2242193648609947
4362.57,0.543,1.864,0.018,1.3662524822025506
4362.58,0.574,1.743,0.017,1.1691142713053835
4362.59,0.531,1.814,0.019,1.2869373593213533
4362.59,0.587,1.696,0.019,1.0670067968157264
4362.61,0.544,1.617,0.019,1.2971904040116196
4362.63,0.525,1.809,0.016,1.0916022418994664
4362.63,0.598,1.546,0.019,1.210600705231469
4362.64,0.558,1.917,0.018,1.4303886065718054
4362.64,0.521,1.852,0.016,1.438037570255975
4362.65,0.534,1.863,0.017,1.3390133291078747
4362.65,0.522,1.706,0.016,1.037586541764029
4362.66,0.563,1.994,0.017,1.1344791614308742
4362.68,0.597,1.643,0.017,1.2375885916643654
4362.69,0.501,1.848,0.019,1.2889377538270754
4362.69,0.573,1.827,0.019,1.270933299094025
4362.72,0.525,1.778,0.017,1.1334172710724872
4362.73,0.569,1.696,0.017,1.3193862585101954
4362.74,0.593,1.547,0.015,1.0204722934893238
4362.74,0.547,1.781,0.015,1.2313367330218328
4362.77,0.522,1.88,0.017,1.3683538923241003
4362.77,0.555,1.871,0.016,1.007019179005051
4362.79,0.542,1.785,0.016,1.3273683652794792
4362.79,0.598,1.514,0.017,1.1394531197088367
4362.8,0.512,1.585,0.016,1.1750883297920818
4362.81,0.54,1.533,0.016,1.0683480075368756
4362.82,0.524,1.545,0.018,1.1889006754296374
4362.83,0.579,1.762,0.019,1.3829414311267612
4362.83,0.564,1.621,0.018,1.1209607111309983
4362.84,0.538,1.872,0.017,1.209326256481756
4362.84,0.512,1.627,0.016,1.4706130435586864
4362.84,0.507,1.508,0.017,1.027780911478977
4362.85,0.587,1.961,0.018,1.4557344940395485
4362.85,0.506,1.841,0.015,1.1137689461152285
4362.86,0.563,1.872,0.017,1.236415292694423
4362.86,0.523,1.884,0.019,1.1612303132094346
4362.87,0.558,1.946,0.017,1.432905048884253
4362.88,0.507,1.846,0.017,1.0998106355357344
4362.89,0.561,1.871,0.015,1.309011846907575
4362.89,0.506,1.727,0.015,1.0855164080979067
4362.89,0.593,1.853,0.017,1.3375484923674263
4362.89,0.527,1.981,0.018,1.4693691608743402
4362.89,0.539,1.965,0.017,1.2035149280247888
4362.9,0.557,1.5,0.018,1.1554117606115135
4362.9,0.59,1.839,0.019,1.4677686472124991
4362.91,0.509,1.856,0.016,1.2694847187126554
4362.91,0.56,1.612,0.015,1.4531032554374468
4362.92,0.54,1.904,0.016,1.2191885479205302
4362.92,0.525,1.914,0.018,1.3287018067351508
4362.93,0.506,1.971,0.018,1.351381613216571
4362.94,0.508,1.564,0.019,1.4333985779707599
4362.94,0.553,1.636,0.018,1.446704272342528
4362.95,0.573,1.884,0.018,1.4128208979303474
4362.95,0.507,1.738,0.019,1.0317448732557477
4362.95,0.579,1.667,0.019,1.4018399993325326
4362.95,0.538,1.925,0.015,1.1871716396229441
4362.98,0.526,1.875,0.016,1.0719066251207137
4362.99,0.52,1.537,0.015,1.2663833899730839
4362.99,0.57,1.713,0.018,1.098409796870005
4362.99,0.502,1.554,0.017,1.3193728151236925
4363.0,0.552,1.73,0.017,1.0680776435156665
4363.01,0.571,1.655,0.019,1.0290717988276132
4363.01,0.515,1.788,0.017,1.1453132556002412
4363.01,0.596,1.692,0.016,1.0999820609724047
4363.02,0.512,1.845,0.017,1.4653823355038094
4363.02,0.509,1.765,0.018,1.294928372770913
4363.03,0.535,1.649,0.016,1.109714424912726
4363.03,0.564,1.511,0.018,1.4114995060982316
4363.05,0.578,1.536,0.018,1.3690447651923563
4363.05,0.575,1.995,0.018,1.4687558898598398
4363.05,0.552,1.742,0.015,1.4570820380077292
4363.06,0.576,1.973,0.018,1.2527626824756672
4363.07,0.54,1.685,0.016,1.297673250175008
4363.07,0.546,1.961,0.017,1.3345600600400567
4363.07,0.546,1.993,0.019,1.0832984931912921
4363.08,0.517,1.806,0.015,1.4181122577574596
4363.08,0.519,1.546,0.017,1.1946188241781939
4363.1,0.508,1.666,0.019,1.444653284877738
4363.11,0.506,1.577,0.017,1.3809034134168563
4363.11,0.59,1.605,0.017,1.0598200328520204
4363.12,0.549,1.922,0.015,1.4248220821795528
4363.13,0.505,1.683,0.015,1.1549754782463717
4363.14,0.583,1.678,0.015,1.3526672058582379
4363.15,0.54,1.673,0.018,1.2649848493840479
4363.15,0.541,1.853,0.017,1.1970126451050054
4363.16,0.509,1.83,0.017,1.0718612381596935
4363.22,0.581,1.586,0.015,1.2736683216055142
4363.24,0.533,1.98,0.017,1.1625680640938811
4363.24,0.511,1.894,0.019,1.369749557094463
4363.24,0.594,1.61,0.015,1.081954453595872
4363.24,0.52,1.879,0.018,1.2469018898451074
4363.25,0.5,1.622,0.015,1.4394932409899694
4363.27,0.584,1.876,0.019,1.1296231051170391
4363.27,0.514,1.787,0.018,1.1538850014103923
4363.3,0.582,1.983,0.016,1.4091011262155908
4363.3,0.53,1.785,0.018,1.0755363599131482
4363.31,0.568,1.963,0.016,1.473571507305805
4363.32,0.537,1.556,0.019,1.3979212094969526
4363.32,0.563,1.53,0.017,1.2996701009131197
4363.33,0.589,1.907,0.017,1.1629395060533736
4363.33,0.559,1.737,0.018,1.3831063614623005
4363.34,0.513,1.974,0.018,1.0540550577374646
4363.34,0.516,1.982,0.018,1.1117752521672717
4363.35,0.584,1.953,0.016,1.3309759036058635
4363.35,0.599,1.714,0.015,1.2323057589298971
4363.36,0.565,1.971,0.018,1.3477085114345457
4363.36,0.508,1.73,0.015,1.2086168989883443
4363.38,0.574,1.971,0.018,1.266058581628973
4363.4,0.537,1.897,0.017,1.2512934798441426
4363.4,0.558,1.599,0.015,1.076316201424591
4363.4,0.519,1.795,0.016,1.1417343706182468
4363.43,0.517,1.962,0.016,1.0350480241059352
4363.46,0.582,1.556,0.019,1.3433495039383243
4363.47,0.504,1.723,0.019,1.312567284498774
4363.48,0.508,1.737,0.018,1.4411341809778973
4363.5,0.537,1.775,0.015,1.4771681763113444
4363.5,0.566,1.772,0.019,1.2657612117105117
4363.52,0.557,1.888,0.017,1.1407907714042713
4363.52,0.513,1.546,0.015,1.0593630398368965
4363.52,0.55,1.879,0.018,1.335533780336491
4363.53,0.542,1.574,0.017,1.380784098120369
4363.54,0.541,1.501,0.019,1.0307176228257393
4363.56,0.514,1.507,0.015,1.0911667250533612
4363.57,0.554,1.783,0.019,1.0182253057829174
4363.57,0.573,1.992,0.017,1.060896385387743
4363.58,0.554,1.615,0.015,1.1829855293244897
4363.58,0.591,1.862,0.016,1.2541330833861282
4363.61,0.522,1.651,0.015,1.0256376333043677
4363.62,0.596,1.759,0.019,1.1732484377145216
4363.62,0.598,1.883,0.016,1.283263398565563
4363.63,0.518,1.678,0.019,1.241264954907566
4363.63,0.507,1.866,0.017,1.2579311433512337
4363.63,0.583,1.982,0.018,1.0836785534018445
4363.63,0.594,1.729,0.016,1.3239956822451746
4363.66,0.502,1.796,0.015,1.1230016292379315
4363.66,0.5,1.587,0.018,1.1531304907759732
4363.66,0.581,1.507,0.016,1.1618024589854001
4363.67,0.528,1.798,0.018,1.0006577182745824
4363.67,0.502,1.852,0.017,1.2535953726754492
4363.68,0.554,1.529,0.015,1.0352727301331894
4363.68,0.505,1.75,0.019,1.486932915075429
4363.69,0.566,1.699,0.017,1.0567517315948391
4363.69,0.505,1.984,0.016,1.4539102417484207
4363.71,0.549,1.527,0.019,1.0444338411075584
4363.73,0.58,1.744,0.018,1.233646025135173
4363.75,0.564,1.944,0.018,1.163514518365362
4363.75,0.567,1.993,0.018,1.4227664254766514
4363.75,0.547,1.937,0.018,1.361401481719516
4363.76,0.506,1.802,0.016,1.0064978358063192
4363.76,0.507,1.531,0.015,1.4272866703807148
4363.77,0.595,1.841,0.019,1.3799169281520431
4363.77,0.558,1.538,0.016,1.3496924382460105
4363.77,0.537,1.597,0.018,1.000073168498491
4363.8,0.548,1.955,0.016,1.355392600170092
4363.8,0.544,1.964,0.016,1.4510385887359967
4363.81,0.515,1.773,0.017,1.2768141380391664
4363.82,0.542,1.825,0.018,1.0337085146677818
4363.82,0.53,1.992,0.018,1.4505070799132822
4363.84,0.514,1.675,0.017,1.0728374840641455
4363.85,0.587,1.7,0.015,1.0900916824018494
4363.86,0.515,1.789,0.019,1.273017998728734
4363.86,0.545,1.686,0.018,1.263761364060484
4363.86,0.515,1.78,0.015,1.4471388463542971
4363.88,0.574,1.694,0.018,1.388233268293702
4363.89,0.599,1.516,0.015,1.3116884132683788
4363.9,0.56,1.691,0.015,1.0179265556953978
4363.9,0.505,1.795,0.016,1.1947700366361276
4363.9,0.555,1.616,0.016,1.230318980509867
4363.9,0.532,1.632,0.017,1.4385126045166625
4363.91,0.511,1.807,0.015,1.1360787653351268
4363.91,0.529,1.742,0.016,1.108356913259575
4363.93,0.583,1.583,0.019,1.451339245516799
4363.94,0.596,1.522,0.016,1.04782892500755
4363.94,0.557,1.945,0.018,1.4377271415515356
4363.96,0.533,1.812,0.018,1.011178932524758
4363.96,0.532,1.585,0.015,1.2877156395727072
4363.98,0.593,1.838,0.016,1.402914418282158
4363.98,0.534,1.947,0.016,1.214994710556861
4363.98,0.581,1.597,0.015,1.4777638613716837
4363.99,0.585,1.733,0.017,1.2724969800268173
4364.01,0.551,1.692,0.018,1.206309189022454
4364.01,0.564,1.671,0.018,1.4374139217542785
4364.03,0.593,1.938,0.018,1.2689775911624817
4364.04,0.534,1.708,0.016,1.3276344048268078
4364.07,0.517,1.686,0.016,1.489972142527181
4364.07,0.541,1.809,0.017,1.2681163248390392
4364.08,0.568,1.708,0.017,1.2586145940992568
4364.08,0.59,1.814,0.015,1.3962676766351863
4364.08,0.568,1.902,0.018,1.3563738580861868
4364.09,0.562,1.69,0.015,1.319079613493415
4364.1,0.546,1.792,0.019,1.2624885930671481
4364.1,0.597,1.72,0.016,1.075998657972269
4364.1,0.558,1.593,0.016,1.2090345531571762
4364.11,0.591,1.719,0.016,1.371002413400983
4364.11,0.564,1.859,0.015,1.3209209280191978
4364.12,0.515,1.978,0.016,1.3353669668795634
4364.12,0.585,1.545,0.015,1.3929375706921763
4364.12,0.509,1.53,0.019,1.4859234969270347
4364.14,0.583,1.747,0.018,1.3335934828454112
4364.14,0.526,1.521,0.018,1.4822930753682626
4364.15,0.583,1.768,0.017,1.2810783064861204
4364.15,0.521,1.881,0.015,1.1073492377924792
4364.16,0.58,1.717,0.019,1.0491509961774563
4364.17,0.557,1.513,0.019,1.2958686141875744
4364.2,0.583,1.805,0.019,1.222790647104162
4364.2,0.571,1.531,0.016,1.2854989083619723
4364.22,0.54,1.849,0.018,1.2337409432698725
4364.22,0.592,1.767,0.019,1.2326387771207195
4364.24,0.592,1.675,0.018,1.3342761806855692
4364.25,0.517,1.651,0.018,1.4586507832894806
4364.26,0.522,1.992,0.018,1.2232752009513903
4364.27,0.57,1.902,0.015,1.4968706754446228
4364.28,0.529,1.778,0.016,1.139893583374765
4364.29,0.591,1.577,0.017,1.3307072636765374
4364.29,0.547,1.907,0.016,1.0725694090316893
4364.31,0.592,1.536,0.015,1.327218829151212
4364.31,0.585,1.799,0.019,1.0089716723893547
4364.32,0.558,1.624,0.016,1.354932874978123
4364.34,0.512,1.82,0.019,1.3579012026064412
4364.34,0.598,1.82,0.015,1.426912794363898
4364.36,0.575,1.945,0.019,1.4761264049305884
4364.36,0.586,1.606,0.019,1.2376769912339194
4364.37,0.529,1.723,0.015,1.2833159187641794
4364.37,0.556,1.862,0.016,1.00820985292446
4364.37,0.549,1.957,0.019,1.045747693050371
4364.38,0.523,1.876,0.017,1.4282313763274161
4364.39,0.533,1.788,0.017,1.3484923145496612
4364.39,0.543,1.596,0.016,1.3840481220510468
4364.4,0.558,1.654,0.017,1.4499580611272105
4364.4,0.57,1.768,0.017,1.0211275163847577
4364.4,0.586,1.814,0.016,1.0333436908326266
4364.42,0.507,1.892,0.019,1.0109319433420825
4364.43,0.586,1.753,0.019,1.4470921122670446
4364.44,0.521,1.742,0.019,1.215443774807847
4364.45,0.589,1.729,0.019,1.3263251702771712
4364.45,0.514,1.504,0.016,1.2199123328316681
4364.45,0.539,1.943,0.017,1.2260195301393582
4364.47,0.518,1.559,0.017,1.4243667007081136
4364.48,0.523,1.799,0.019,1.2615123647601258
4364.5,0.568,1.593,0.017,1.0083299506153909
4364.5,0.533,1.988,0.018,1.0339790388272703
4364.52,0.518,1.667,0.016,1.2518783215251026
4364.52,0.581,1.647,0.018,1.002807626457492
4364.52,0.56,1.779,0.017,1.0521838306168636
4364.53,0.561,1.629,0.015,1.3917357426821277
4364.55,0.54,1.936,0.018,1.4284015344333962
4364.57,0.509,1.697,0.018,1.0038423697323011
4364.57,0.538,1.685,0.018,1.376061958252108
4364.57,0.529,1.677,0.016,1.1379794360848141
4364.59,0.533,1.784,0.016,1.0163955658527684
4364.59,0.565,1.829,0.019,1.4548239976230515
4364.61,0.549,1.695,0.017,1.0084613561249078
4364.63,0.534,1.926,0.016,1.4531334234214106
4364.64,0.534,1.96,0.018,1.148649629071594
4364.64,0.507,1.885,0.019,1.2226028222198204
4364.65,0.589,1.777,0.018,1.4033911847473406
4364.65,0.504,1.579,0.016,1.0259278072041398
4364.65,0.567,1.563,0.019,1.3584811244552653
4364.65,0.54,1.978,0.016,1.474016618316499
4364.65,0.58,1.699,0.018,1.3877391977938816
4364.67,0.541,1.511,0.017,1.182341404135121
4364.68,0.551,1.96,0.019,1.4892257925647654
4364.68,0.579,1.514,0.015,1.0414361767951317
4364.68,0.511,1.979,0.015,1.083664840964468
4364.69,0.505,1.879,0.015,1.4017820556505292
4364.7,0.576,1.978,0.015,1.2234129397981046
4364.71,0.549,1.613,0.019,1.3250090558344598
4364.71,0.575,1.783,0.016,1.2280262703744893
4364.72,0.574,1.755,0.019,1.0174820159839122
4364.74,0.542,1.795,0.019,1.0963828041597066
4364.74,0.504,1.879,0.015,1.3013486346625254
4364.75,0.587,1.863,0.018,1.4404837195573905
4364.75,0.576,1.708,0.015,1.0672699375698809
4364.75,0.505,1.847,0.016,1.472108792099804
4364.76,0.561,1.726,0.017,1.186807352992074
4364.77,0.549,1.799,0.015,1.4822152596211595
4364.77,0.521,1.921,0.018,1.4390174038111305
4364.77,0.58,1.846,0.019,1.4721889982127536
4364.78,0.55,1.636,0.015,1.4492161263351884
4364.8,0.561,1.752,0.015,1.2327649066337703
4364.8,0.565,1.915,0.015,1.3069850706273551
4364.8,0.589,1.599,0.018,1.0771548425254693
4364.8,0.527,1.74,0.016,1.0238445399250797
4364.81,0.575,1.73,0.015,1.1524425232170548
4364.81,0.514,1.747,0.018,1.1575489448249
4364.83,0.543,1.855,0.015,1.0122713427527046
4364.84,0.536,1.986,0.015,1.0492045142858692
4364.85,0.553,1.835,0.015,1.2497184791225935
4364.86,0.577,1.705,0.017,1.2214986804095842
4364.86,0.598,1.739,0.019,1.0314903012988021
4364.87,0.513,1.916,0.018,1.0186360715453895
4364.87,0.549,1.587,0.018,1.4723976876954024
4364.87,0.586,1.511,0.015,1.1080747573683598
4364.87,0.537,1.972,0.016,1.2967694355496442
4364.87,0.525,1.515,0.018,1.1701463703582653
4364.88,0.528,1.963,0.017,1.435330834097359
4364.88,0.555,1.742,0.017,1.4114548621263852
4364.89,0.58,1.729,0.018,1.4716016349781582
4364.9,0.558,1.865,0.015,1.4752218882495192
4364.91,0.52,1.719,0.015,1.2862930915533524
4364.91,0.57,1.705,0.015,1.47596679905397
4364.93,0.538,1.664,0.019,1.2709430346769253
4364.93,0.564,1.904,0.018,1.3188056948086115
4364.94,0.54,1.513,0.015,1.0422257713438172
4364.94,0.53,1.87,0.019,1.3004068558297104
4364.95,0.524,1.537,0.018,1.0180446210162566
4364.97,0.531,1.526,0.019,1.1446886848670177
4364.97,0.577,1.796,0.019,1.3340463923762154
4364.98,0.506,1.519,0.019,1.240883193368361
4364.98,0.562,1.681,0.017,1.440984605227019
4364.98,0.506,1.67,0.017,1.0627527346687726
4364.99,0.586,1.942,0.019,1.4338164398285482
4364.99,0.543,1.765,0.016,1.4129265803501048
4365.01,0.533,1.779,0.015,1.3035716254418297
4365.02,0.567,1.735,0.016,1.4404901790861135
4365.03,0.581,1.724,0.019,1.0837461030933278
4365.03,0.538,1.979,0.018,1.4865308613730641
4365.03,0.552,1.882,0.019,1.0239531760272886
4365.04,0.583,1.864,0.017,1.233559854845831
4365.05,0.524,1.628,0.015,1.1856184307603284
4365.06,0.509,1.502,0.018,1.4200430483543334
4365.06,0.513,1.742,0.019,1.390384957723465
4365.07,0.509,1.593,0.017,1.0167873376205177
4365.09,0.546,1.998,0.016,1.1054184287360704
4365.13,0.545,1.647,0.019,1.140004997027217
4365.14,0.56,1.821,0.015,1.0641555199295698
4365.14,0.577,1.579,0.018,1.4308668160840268
4365.15,0.596,1.572,0.017,1.036267209946284
4365.16,0.595,1.592,0.019,1.1088146979637792
4365.16,0.556,1.565,0.015,1.2368552458010251
4365.18,0.571,1.951,0.018,1.497656005728717
4365.18,0.587,1.581,0.018,1.215071560141857
4365.18,0.52,1.553,0.018,1.0275737757377494
4365.19,0.548,1.813,0.018,1.087191029250534
4365.2,0.54,1.907,0.017,1.4830642311266398
4365.2,0.562,1.808,0.017,1.0650025003384445
4365.21,0.591,1.776,0.017,1.3355047273237068
4365.22,0.56,1.726,0.019,1.114379458040558
4365.23,0.579,1.89,0.016,1.470152735843908
4365.23,0.518,1.52,0.017,1.2474291103940334
4365.23,0.591,1.576,0.016,1.1564433222558712
4365.24,0.506,1.837,0.018,1.000997273794477
4365.24,0.507,1.695,0.019,1.2984258196888043
4365.24,0.545,1.812,0.018,1.1197541279423988
4365.25,0.562,1.92,0.019,1.4413760364560695
4365.26,0.507,1.767,0.019,1.4454504174547684
4365.27,0.532,1.925,0.018,1.3516751491799495
4365.27,0.533,1.72,0.019,1.3538780799818797
4365.29,0.599,1.6,0.019,1.4867846014449748
4365.3,0.59,1.818,0.019,1.1541327710929572
4365.3,0.555,1.899,0.019,1.042703430128321
4365.31,0.527,1.717,0.019,1.354047475960079
4365.34,0.562,1.569,0.017,1.4929463299781762
4365.35,0.507,1.757,0.019,1.0143030524099892
4365.36,0.517,1.801,0.016,1.154066489112488
4365.36,0.561,1.675,0.015,1.1553330563713948
4365.37,0.589,1.819,0.018,1.3894247923859586
4365.38,0.503,1.537,0.019,1.1253303583728032
4365.38,0.53,1.966,0.015,1.0767335979198651
4365.38,0.592,1.827,0.017,1.3748768893988552
4365.39,0.505,1.979,0.019,1.3029925124729989
4365.41,0.554,1.915,0.015,1.473874461480596
4365.42,0.5,1.794,0.018,1.24814033896357
4365.42,0.542,1.586,0.019,1.2703485051968708
4365.43,0.527,1.976,0.018,1.1399073877698351
4365.44,0.528,1.833,0.015,1.2164320216811992
4365.45,0.569,1.572,0.018,1.087289516569749
4365.45,0.505,1.97,0.017,1.2164467552289906
4365.47,0.579,1.765,0.015,1.3134097257309647
4365.48,0.503,1.949,0.019,1.2561658093588992
4365.49,0.559,1.89,0.018,1.1020036621379607
4365.5,0.531,1.671,0.018,1.3393265587630574
4365.5,0.503,1.652,0.018,1.2273203639217578
4365.5,0.548,1.995,0.016,1.1608864717046155
4365.5,0.579,1.907,0.015,1.2576705151511836
4365.51,0.597,1.502,0.018,1.2821860768010176
4365.52,0.587,1.522,0.019,1.0920535316233642
4365.52,0.564,1.654,0.018,1.1997468775510458
4365.53,0.532,1.817,0.015,1.3311500978794584
4365.53,0.599,1.706,0.019,1.412475921436956
4365.54,0.506,1.869,0.017,1.124134786866485
4365.54,0.562,1.549,0.017,1.210603533657829
4365.55,0.591,1.669,0.018,1.1834147073517327
4365.55,0.599,1.633,0.018,1.104516698613329
4365.55,0.537,1.615,0.016,1.2937620833872225
4365.55,0.526,1.806,0.015,1.347786913340865
4365.56,0.52,1.918,0.018,1.0071515548143866
4365.56,0.54,1.927,0.017,1.390245144055461
4365.56,0.535,1.531,0.016,1.391275682995849
4365.58,0.509,1.831,0.017,1.4152481638517114
4365.59,0.547,1.573,0.019,1.0194429583135391
4365.59,0.546,1.57,0.016,1.2235890382407277
4365.59,0.576,1.693,0.017,1.1702185519105908
4365.59,0.527,1.706,0.017,1.0601851622734282
4365.59,0.534,1.517,0.018,1.056533547386415
4365.6,0.559,1.975,0.017,1.2637181563500226
4365.63,0.572,1.603,0.019,1.2851878565528316
4365.63,0.537,1.799,0.018,1.3583652673980666
4365.63,0.505,1.935,0.018,1.3928836841977739
4365.64,0.544,1.606,0.016,1.3297277807458219
4365.65,0.522,1.551,0.016,1.463609786835925
4365.65,0.51,1.758,0.018,1.3605925856132774
4365.66,0.554,1.811,0.017,1.1924410119297708
4365.66,0.594,1.901,0.018,1.2801189153656778
4365.67,0.546,1.985,0.019,1.3634816614712242
4365.67,0.527,1.638,0.015,1.4114181958937462
4365.68,0.578,1.585,0.018,1.3952965669607549
4365.68,0.567,1.615,0.017,1.4950400578032748
4365.69,0.573,1.893,0.019,1.0957438759220115
4365.7,0.567,1.913,0.016,1.0427830642806395
4365.73,0.542,1.846,0.015,1.3670263004306418
4365.74,0.597,1.649,0.018,1.015436858162988
4365.74,0.54,1.92,0.015,1.4758771374416955
4365.75,0.527,1.934,0.017,1.1688403607265179
4365.75,0.523,1.691,0.015,1.1410838581868434
4365.76,0.545,1.904,0.017,1.4291388585367115
4365.77,0.589,1.616,0.017,1.3512147393542795
4365.78,0.529,1.555,0.015,1.0325880965550742
4365.78,0.504,1.504,0.015,1.246066366292475
4365.79,0.525,1.501,0.018,1.236466374333355
4365.79,0.58,1.66,0.015,1.3794805017271936
4365.8,0.569,1.568,0.015,1.4483894735325655
4365.81,0.552,1.757,0.018,1.042003520978978
4365.81,0.587,1.868,0.016,1.3330153743906887
4365.81,0.59,1.9,0.017,1.2510556061004579
4365.81,0.599,1.849,0.015,1.0637913327730533
4365.82,0.538,1.602,0.016,1.1238136874574194
4365.82,0.561,1.72,0.016,1.1590326402985571
4365.84,0.554,1.851,0.019,1.3083151502264563
4365.84,0.583,1.809,0.017,1.11206695205152
4365.84,0.576,1.795,0.017,1.2858529036829278
4365.86,0.557,1.779,0.019,1.454026792494807
4365.86,0.512,1.899,0.017,1.2603001254819444
4365.87,0.571,1.67,0.016,1.358423176619195
4365.87,0.532,1.951,0.018,1.332920524459295
4365.89,0.525,1.553,0.016,1.0070461589192676
4365.9,0.581,1.538,0.016,1.1174560564555447
4365.91,0.591,1.522,0.017,1.0522207394598058
4365.91,0.581,1.876,0.018,1.2864464602729626
4365.91,0.507,1.55,0.019,1.2899240836033192
4365.92,0.543,1.977,0.016,1.0754006292829323
4365.93,0.578,1.51,0.019,1.2479655779630412
4365.94,0.598,1.589,0.016,1.1646446522278273
4365.94,0.588,1.876,0.017,1.4771560216709554
4365.94,0.584,1.814,0.019,1.3583465647039072
4365.94,0.548,1.772,0.016,1.4265030779087504
4365.95,0.574,1.722,0.019,1.2106138662977926
4365.95,0.506,1.856,0.019,1.0347830857150822
4365.96,0.558,1.962,0.018,1.1963264342948978
4365.98,0.532,1.728,0.015,1.3361666741621412
4365.98,0.555,1.778,0.015,1.2298269384295222
4365.98,0.505,1.906,0.016,1.4513495214676924
4365.98,0.556,1.668,0.019,1.1399711133312773
4365.99,0.523,1.76,0.016,1.2251588019102662
4366.0,0.565,1.73,0.019,1.4353675111311155
4366.0,0.58,1.814,0.015,1.487635615064693
4366.0,0.589,1.871,0.019,1.133833696579999
4366.0,0.54,1.614,0.018,1.0472531610342326
4366.02,0.5,1.559,0.018,1.1806102616021938
4366.02,0.569,1.547,0.017,1.0864570470205497
4366.04,0.59,1.94,0.015,1.140900458955758
4366.04,0.555,1.915,0.019,1.22313217831083
4366.05,0.547,1.95,0.015,1.3761679613224085
4366.06,0.576,1.846,0.015,1.4217061380614175
4366.07,0.523,1.564,0.015,1.0900243827180833
4366.07,0.504,1.718,0.018,1.404468509670275
4366.08,0.538,1.861,0.015,1.0810680389752152
4366.09,0.532,1.569,0.018,1.189617755190452
4366.1,0.594,1.966,0.018,1.4123768422545366
4366.1,0.595,1.684,0.017,1.442981504889206
4366.11,0.52,1.94,0.017,1.4155684797153452
4366.13,0.518,1.898,0.016,1.1005707526745372
4366.13,0.523,1.745,0.016,1.4279506312678003
4366.14,0.599,1.648,0.017,1.4085593771201157
4366.14,0.535,1.885,0.015,1.2233606254707943
4366.15,0.551,1.544,0.016,1.2571846080274096
4366.15,0.587,1.923,0.016,1.350178547640352
4366.15,0.512,1.987,0.018,1.3433137435222267
4366.18,0.543,1.586,0.017,1.2012080426104177
4366.18,0.521,1.555,0.015,1.2235900077877222
4366.19,0.584,1.844,0.018,1.3058498514323635
4366.19,0.57,1.786,0.016,1.2461128597636257
4366.2,0.524,1.983,0.016,1.004207758744955
4366.21,0.595,1.559,0.018,1.454815156230524
4366.21,0.507,1.578,0.018,1.3000641140714835
4366.21,0.564,1.838,0.015,1.4657365222853678
4366.22,0.512,1.695,0.016,1.0828072600193677
4366.23,0.513,1.657,0.016,1.16471308901763
4366.23,0.569,1.609,0.016,1.135993751976095
4366.23,0.503,1.562,0.015,1.1061409068536432
4366.24,0.519,1.879,0.016,1.2527143757081274
4366.25,0.59,1.693,0.015,1.2215165795341625
4366.27,0.54,1.674,0.016,1.2387051746187772
4366.28,0.528,1.794,0.017,1.3188697865999066
4366.29,0.516,1.542,0.015,1.353036348920431
4366.31,0.507,1.895,0.017,1.1063236427348537
4366.32,0.589,1.569,0.019,1.1916087176052468
4366.32,0.587,1.67,0.019,1.3136412245131857
4366.32,0.59,1.715,0.017,1.3011095357034534
4366.38,0.54,1.599,0.019,1.0883537104363419
4366.39,0.545,1.529,0.019,1.3024844915427924
4366.39,0.529,1.517,0.019,1.4411959255456204
4366.42,0.528,1.722,0.015,1.0303423002538488
4366.42,0.504,1.994,0.017,1.3769102541013238
4366.43,0.55,1.974,0.018,1.1932718836398126
4366.43,0.545,1.948,0.016,1.1766781793011687
4366.45,0.524,1.969,0.017,1.4832990297239763
4366.45,0.504,1.624,0.018,1.4269458208163273
4366.47,0.519,1.725,0.018,1.3168402281690592
4366.47,0.537,1.706,0.015,1.284971775019289
4366.49,0.501,1.542,0.016,1.4078416987427662
4366.49,0.57,1.718,0.015,1.0791061796737613
4366.5,0.586,1.654,0.016,1.2791392427010728
4366.51,0.541,1.881,0.019,1.2057648533221315
4366.52,0.564,1.636,0.017,1.2043066119055261
4366.52,0.535,1.612,0.018,1.0531790079860939
4366.53,0.55,1.846,0.019,1.2872269039998903
4366.53,0.561,1.882,0.017,1.2556246740375252
4366.53,0.523,1.92,0.018,1.2870813076090646
4366.53,0.508,1.946,0.015,1.065884188073469
4366.54,0.585,1.698,0.017,1.288404292442343
4366.54,0.588,1.947,0.015,1.0579076937668357
4366.55,0.598,1.677,0.016,1.2014987236364925
4366.55,0.568,1.684,0.015,1.1752112587414563
4366.55,0.531,1.9,0.019,1.4721051261706901
4366.55,0.594,1.632,0.015,1.4713244129029
4366.56,0.536,1.601,0.018,1.2997555033390054
4366.57,0.519,1.651,0.018,1.2378167644581521
4366.58,0.56,1.699,0.016,1.2427884091595727
4366.58,0.577,1.788,0.018,1.2200146392627844
4366.59,0.522,1.876,0.018,1.2291029981478545
4366.59,0.568,1.645,0.015,1.2024803480054829
4366.6,0.593,1.918,0.018,1.413071184662348
4366.6,0.51,1.567,0.015,1.2312745453134106
4366.6,0.567,1.596,0.015,1.3580018547020898
4366.62,0.548,1.534,0.019,1.0904181925429683
4366.62,0.564,1.991,0.017,1.155675021508984
4366.62,0.561,1.701,0.019,1.1431229099701594
4366.63,0.546,1.879,0.018,1.0120296919803382
4366.63,0.591,1.723,0.019,1.119820295422483
4366.64,0.591,1.75,0.018,1.2057079472587162
4366.64,0.556,1.638,0.017,1.1542702152028987
4366.65,0.567,1.54,0.019,1.339939838792741
4366.65,0.546,1.646,0.018,1.3946454410919376
4366.66,0.544,1.925,0.017,1.3767429697775533
4366.66,0.524,1.598,0.018,1.4709227184519489
4366.67,0.515,1.932,0.018,1.3918174578265259
4366.67,0.504,1.531,0.019,1.025200764743649
4366.69,0.522,1.719,0.015,1.4339093623516737
4366.69,0.513,1.851,0.016,1.3448727584964089
4366.7,0.561,1.541,0.019,1.025436796605547
4366.7,0.553,1.686,0.018,1.0950431409641364
4366.7,0.504,1.538,0.016,1.0755728633059736
4366.71,0.557,1.947,0.018,1.2881207734350708
4366.71,0.571,1.562,0.018,1.186718654143549
4366.73,0.541,1.751,0.018,1.3025661816812248
4366.73,0.573,1.525,0.018,1.008725634743866
4366.73,0.521,1.759,0.017,1.4076196245856183
4366.74,0.532,1.695,0.019,1.113905129664634
4366.75,0.532,1.773,0.017,1.4953183206760703
4366.77,0.574,1.867,0.015,1.4401911324405785
4366.77,0.534,1.795,0.017,1.1780615230330982
4366.78,0.566,1.59,0.015,1.0593463316850162
4366.78,0.541,1.673,0.019,1.339536388805496
4366.8,0.524,1.992,0.015,1.1035430643727557
4366.8,0.578,1.827,0.019,1.266173253072076
4366.82,0.501,1.885,0.017,1.370403164043624
4366.83,0.54,1.802,0.015,1.079123665101622
4366.83,0.562,1.937,0.015,1.108384100989979
4366.83,0.509,1.541,0.018,1.1502358057026678
4366.83,0.524,1.702,0.015,1.2755941142899014
4366.84,0.531,1.921,0.019,1.4768156683623648
4366.85,0.587,1.732,0.017,1.0101566826939625
4366.86,0.564,1.825,0.019,1.1405587121862855
4366.86,0.501,1.903,0.017,1.2717985952831192
4366.87,0.565,1.69,0.015,1.303046110227764
4366.87,0.5,1.962,0.018,1.070759608681698
4366.88,0.515,1.9,0.019,1.0935998805201768
4366.89,0.591,1.947,0.017,1.309448307290304
4366.89,0.535,1.551,0.017,1.129840419522163
4366.89,0.512,1.854,0.019,1.3045199461553696
4366.92,0.501,1.857,0.019,1.3955653544210818
4366.94,0.587,1.985,0.016,1.049577146948443
4366.94,0.542,1.997,0.017,1.0992339575821624
4366.95,0.593,1.614,0.017,1.0584333875730183
4366.98,0.522,1.647,0.019,1.17300917797249
4366.99,0.507,1.595,0.017,1.0026186434307018
4366.99,0.593,1.885,0.019,1.1014842873540456
4367.02,0.533,1.505,0.019,1.1085446539816748
4367.02,0.512,1.84,0.017,1.1444621700350461
4367.03,0.565,1.607,0.018,1.20247868800833
4367.04,0.521,1.511,0.016,1.1501102411630661
4367.05,0.54,1.817,0.017,1.4635733322766822
4367.08,0.505,1.749,0.015,1.1511943314825417
4367.09,0.512,1.973,0.016,1.189650318652325
4367.09,0.587,1.589,0.019,1.2796955204814722
4367.1,0.579,1.83,0.018,1.2687866514047794
4367.11,0.52,1.798,0.016,1.3846812060805231
4367.14,0.537,1.9,0.016,1.4846016465277927
4367.14,0.524,1.838,0.019,1.1645273848379656
4367.14,0.57,1.871,0.017,1.4299419805662588
4367.15,0.522,1.753,0.018,1.1362005467561493
4367.15,0.502,1.593,0.015,1.4579029496880043
4367.16,0.507,1.514,0.016,1.1888954250723094
4367.17,0.591,1.679,0.015,1.062837096176017
4367.17,0.553,1.698,0.016,1.0411127566650027
4367.17,0.555,1.96,0.016,1.0240505582055193
4367.18,0.522,1.616,0.018,1.2202998053943972
4367.19,0.545,1.667,0.015,1.212574936203239
4367.2,0.538,1.756,0.019,1.3730106748550803
4367.22,0.515,1.779,0.019,1.2093016755054045
4367.24,0.549,1.603,0.019,1.326956764344029
4367.24,0.501,1.765,0.016,1.016262331042168
4367.26,0.595,1.545,0.016,1.4319396023036854
4367.26,0.587,1.703,0.019,1.166725729500356
4367.27,0.511,1.901,0.017,1.0827969698891458
4367.3,0.505,1.894,0.018,1.341243422032406
4367.33,0.501,1.723,0.017,1.3934100122507844
4367.33,0.504,1.619,0.018,1.2812784321165682
4367.34,0.519,1.886,0.018,1.0240945897241747
4367.39,0.511,1.918,0.016,1.3965452510227367
4367.4,0.524,1.851,0.017,1.051137300393107
4367.4,0.539,1.639,0.017,1.2247524353014587
4367.41,0.576,1.635,0.019,1.2523923390279972
4367.41,0.584,1.534,0.016,1.0521472972500412
4367.42,0.516,1.997,0.018,1.1373339319135345
4367.42,0.557,1.615,0.016,1.0492475007171456
4367.43,0.581,1.599,0.017,1.126648795733639
4367.43,0.553,1.845,0.016,1.2813574152189418
4367.45,0.537,1.934,0.019,1.3699668220343535
4367.45,0.581,1.863,0.017,1.0560389773177496
4367.47,0.521,1.997,0.016,1.3382788167445792
4367.47,0.597,1.852,0.016,1.3854076288135948
4367.47,0.578,1.531,0.017,1.2610362276792053
4367.49,0.523,1.673,0.015,1.3393047347273275
4367.49,0.513,1.834,0.018,1.1704544324845778
4367.53,0.562,1.749,0.015,1.0513036995905483
4367.53,0.536,1.643,0.018,1.114853060300367
4367.53,0.546,1.935,0.018,1.263722163215847
4367.55,0.547,1.659,0.017,1.3501488132085337
4367.56,0.565,1.534,0.017,1.142058142485281
4367.56,0.525,1.747,0.018,1.1624372725871714
4367.58,0.527,1.781,0.019,1.143156991859961
4367.59,0.541,1.838,0.019,1.0260980604348118
4367.59,0.547,1.629,0.016,1.2646523940260495
4367.64,0.598,1.656,0.019,1.079598175425019
4367.64,0.518,1.827,0.018,1.2997148073795883
4367.65,0.572,1.848,0.015,1.0931751248098998
4367.65,0.594,1.77,0.017,1.0767804960363039
4367.66,0.525,1.602,0.018,1.4239271146339354
4367.67,0.528,1.696,0.019,1.1125844919542298
4367.68,0.555,1.811,0.015,1.4043023387067344
4367.68,0.504,1.974,0.019,1.0532567578240246
4367.68,0.597,1.508,0.016,1.4565083395589786
4367.69,0.541,1.995,0.019,1.434994627724424
4367.69,0.594,1.986,0.017,1.4742468155626163
4367.69,0.517,1.693,0.016,1.2125680758864457
4367.71,0.556,1.892,0.018,1.3848065544100199
4367.71,0.588,1.762,0.017,1.3565301226896604
4367.74,0.584,1.956,0.019,1.205720920952878
4367.74,0.593,1.972,0.016,1.0094076241331833
4367.76,0.548,1.995,0.017,1.464831829195303
4367.77,0.578,1.684,0.015,1.0650629268231373
4367.77,0.569,1.776,0.019,1.3150524741889629
4367.78,0.513,1.749,0.015,1.153111812427629
4367.78,0.504,1.56,0.016,1.0352813302920572
4367.78,0.556,1.81,0.019,1.3890951040283317
4367.78,0.505,1.676,0.015,1.061709611142079
4367.79,0.51,1.89,0.019,1.2462955059213159
4367.8,0.522,1.95,0.017,1.4658222022273353
4367.8,0.512,1.75,0.017,1.1989145796875809
4367.81,0.518,1.639,0.016,1.1781418872010185
4367.83,0.596,1.756,0.018,1.389610331946683
4367.84,0.57,1.884,0.018,1.3777020603594154
4367.84,0.575,1.534,0.019,1.4718965794360492
4367.85,0.583,1.656,0.015,1.4916390366022851
4367.87,0.58,1.511,0.019,1.385049099978088
4367.9,0.53,1.754,0.017,1.4875427342709935
4367.91,0.55,1.842,0.018,1.4240813743452476
4367.91,0.571,1.649,0.016,1.1416737713412464
4367.92,0.546,1.796,0.018,1.348703082809331
4367.92,0.536,1.75,0.018,1.0292681035886262
4367.92,0.57,1.592,0.018,1.285961740814321
4367.93,0.516,1.877,0.018,1.205817099094184
4367.93,0.501,1.856,0.018,1.484612486010076
4367.94,0.535,1.982,0.017,1.3572753253468872
4367.95,0.535,1.985,0.018,1.4096859891522273
4367.95,0.553,1.752,0.018,1.0824692935714846
4367.95,0.597,1.626,0.019,1.1342572072350883
4367.95,0.522,1.577,0.016,1.3671004274547998
4367.96,0.535,1.593,0.017,1.4240500731290835
4367.96,0.53,1.647,0.019,1.1268837453932188
4368.0,0.521,1.832,0.015,1.363380668808771
4368.02,0.52,1.774,0.019,1.3324479982074933
4368.02,0.512,1.878,0.018,1.483279795434478
4368.03,0.532,1.942,0.018,1.1217125593529305
4368.05,0.533,1.679,0.018,1.1906153362025034
4368.05,0.599,1.648,0.015,1.3134532045494165
4368.06,0.551,1.689,0.019,1.055676906624511
4368.07,0.508,1.904,0.019,1.4897466004936089
4368.08,0.595,1.748,0.015,1.3638099892951066
4368.09,0.558,1.952,0.015,1.4253622027933603
4368.1,0.591,1.526,0.019,1.3366572753401718
4368.1,0.569,1.64,0.015,1.0885019760355323
4368.11,0.537,1.738,0.015,1.197436004797463
4368.14,0.536,1.621,0.018,1.0646709904910567
4368.14,0.548,1.621,0.018,1.4992699237254339
4368.17,0.55,1.852,0.015,1.219962034113905
4368.18,0.591,1.946,0.016,1.196080574299006
4368.18,0.582,1.779,0.015,1.0679554527485644
4368.19,0.588,1.92,0.015,1.180850367932926
4368.19,0.569,1.501,0.017,1.238704884557905
4368.21,0.577,1.704,0.015,1.4288288174800723
4368.22,0.538,1.75,0.015,1.1732889659084755
4368.22,0.532,1.953,0.018,1.1684653021366176
4368.23,0.521,1.705,0.015,1.0642742633351885
4368.24,0.54,1.794,0.016,1.4300357241586528
4368.25,0.512,1.946,0.016,1.0817832970679657
4368.27,0.561,1.596,0.016,1.3173010917400767
4368.27,0.563,1.989,0.015,1.0695582074961634
4368.28,0.564,1.799,0.017,1.101808952685346
4368.29,0.576,1.869,0.018,1.4458175254424288
4368.29,0.558,1.913,0.016,1.446766704901446
4368.32,0.556,1.697,0.017,1.151446448967365
4368.32,0.598,1.869,0.019,1.2679107164177816
4368.32,0.591,1.804,0.018,1.455962702419221
4368.32,0.505,1.797,0.015,1.2979163305316175
4368.33,0.564,1.777,0.017,1.045630670335561
4368.33,0.562,1.788,0.017,1.420082392725843
4368.33,0.515,1.675,0.017,1.3557552487006745
4368.34,0.591,1.598,0.016,1.4425075627261872
4368.34,0.509,1.679,0.019,1.4471840299871115
4368.35,0.592,1.872,0.018,1.1450549477344658
4368.35,0.59,1.93,0.019,1.4006499061658233
4368.35,0.541,1.617,0.015,1.4335216208873887
4368.36,0.507,1.53,0.017,1.1229665897570869
4368.36,0.544,1.882,0.018,1.4651927054476677
4368.37,0.598,1.557,0.019,1.1255003117501967
4368.37,0.559,1.636,0.018,1.0681217210757117
4368.38,0.543,1.694,0.019,1.2757370144774824
4368.38,0.543,1.84,0.017,1.1612484620555117
4368.38,0.552,1.791,0.018,1.1866805626922277
4368.4,0.518,1.689,0.016,1.3461206853219263
4368.41,0.5,1.713,0.016,1.1589475486390115
4368.41,0.52,1.669,0.017,1.354796731059766
4368.41,0.546,1.828,0.015,1.2253791465808548
4368.41,0.582,1.517,0.017,1.1971658584930682
4368.42,0.571,1.923,0.015,1.4392894533156642
4368.43,0.553,1.716,0.015,1.2154373672570848
4368.44,0.567,1.846,0.017,1.0261188597275943
4368.44,0.504,1.56,0.017,1.035000297880134
4368.45,0.578,1.577,0.015,1.1390926527436136
4368.46,0.576,1.846,0.017,1.252426218337839
4368.47,0.507,1.544,0.015,1.2227835366452369
4368.47,0.572,1.915,0.015,1.160297013206609
4368.48,0.599,1.81,0.018,1.210856956714983
4368.49,0.532,1.927,0.015,1.2200957257936258
4368.5,0.589,1.912,0.017,1.179317454178922
4368.5,0.571,1.624,0.018,1.0988941875162523
4368.5,0.553,1.81,0.019,1.2437519266343036
4368.51,0.572,1.952,0.018,1.3378275956363
4368.52,0.505,1.882,0.018,1.4898689077268434
4368.52,0.521,1.559,0.017,1.0763074031908155
4368.53,0.536,1.568,0.015,1.0367614294934655
4368.55,0.59,1.975,0.015,1.2167973650784314
4368.55,0.594,1.615,0.018,1.189925644378174
4368.56,0.562,1.507,0.015,1.3169394798156262
4368.56,0.544,1.905,0.019,1.491479040108197
4368.56,0.573,1.577,0.017,1.4731575310435834
4368.56,0.56,1.722,0.016,1.4738230630701725
4368.58,0.541,1.818,0.017,1.059558027470434
4368.58,0.568,1.694,0.018,1.1801294351445235
4368.59,0.599,1.982,0.016,1.0414752361508162
4368.59,0.507,1.578,0.019,1.4114040663676282
4368.59,0.513,1.976,0.018,1.0782635074349773
4368.61,0.562,1.663,0.018,1.2596776519606037
4368.61,0.549,1.874,0.016,1.1282277729317471
4368.61,0.524,1.796,0.015,1.2992631429231438
4368.61,0.522,1.963,0.017,1.4660449850805084
4368.61,0.537,1.723,0.016,1.0823950816549681
4368.62,0.586,1.774,0.016,1.4948931936922665
4368.62,0.593,1.545,0.018,1.3756199561972091
4368.63,0.501,1.504,0.018,1.3084786415474121
4368.64,0.504,1.73,0.018,1.414215284293502
4368.64,0.596,1.572,0.016,1.3352807043433632
4368.64,0.514,1.951,0.015,1.4166957566232037
4368.65,0.511,1.73,0.019,1.028783807698077
4368.65,0.532,1.733,0.017,1.2598692946834813
4368.66,0.521,1.966,0.018,1.1201403826805925
4368.67,0.52,1.733,0.019,1.0325896933428775
4368.7,0.526,1.642,0.017,1.292603800349507
4368.75,0.52,1.689,0.019,1.4331456379425493
4368.76,0.532,1.615,0.019,1.3123383460853058
4368.76,0.531,1.651,0.018,1.4407044257895247
4368.77,0.54,1.905,0.018,1.0590210449650053
4368.77,0.553,1.507,0.015,1.1346707063905395
4368.78,0.589,1.685,0.019,1.0103633031172434
4368.8,0.531,1.718,0.018,1.3629925160028664
4368.81,0.571,1.777,0.019,1.4420140553598313
4368.82,0.505,1.881,0.016,1.109366687545392
4368.82,0.525,1.671,0.016,1.0129600694820802
4368.82,0.574,1.974,0.015,1.0475147146268107
4368.85,0.515,1.556,0.015,1.1138237770022428
4368.85,0.502,1.548,0.017,1.0785256834600392
4368.87,0.563,1.886,0.016,1.3994645899609055
4368.87,0.503,1.636,0.015,1.3419820849514408
4368.88,0.518,1.526,0.017,1.4800489720866863
4368.89,0.536,1.945,0.017,1.0841568610248178
4368.89,0.519,1.944,0.016,1.2984157911837075
4368.89,0.556,1.841,0.017,1.3681756662761415
4368.91,0.519,1.72,0.019,1.016787947075218
4368.91,0.5,1.756,0.019,1.2258861566697534
4368.93,0.548,1.651,0.019,1.297200173788088
4368.94,0.592,1.778,0.019,1.19179626989366
4368.94,0.557,1.704,0.015,1.050446843964286
4368.96,0.589,1.762,0.018,1.1626271282943956
4368.96,0.531,1.551,0.017,1.2344814967881583
4368.96,0.528,1.512,0.018,1.4641457165401275
4368.98,0.536,1.939,0.019,1.4871563248268118
4368.98,0.524,1.721,0.016,1.4645270347837434
4368.99,0.574,1.572,0.017,1.4199429572589137
4369.0,0.555,1.767,0.018,1.0373584825298254
4369.0,0.573,1.836,0.018,1.4747625778407885
4369.0,0.572,1.761,0.016,1.3080302019105572
4369.01,0.525,1.948,0.019,1.0475714838099943
4369.02,0.517,1.571,0.016,1.1129465056676369
4369.05,0.537,1.685,0.019,1.4550991516638754
4369.05,0.568,1.821,0.018,1.3178843488291814
4369.06,0.533,1.86,0.017,1.1905605962582437
4369.07,0.544,1.949,0.018,1.0485865466689432
4369.08,0.541,1.914,0.019,1.4935518480284258
4369.08,0.505,1.726,0.015,1.044433538921821
4369.08,0.56,1.604,0.018,1.3352231905797034
4369.08,0.518,1.8,0.016,1.3100846016564538
4369.1,0.572,1.994,0.017,1.378637092712855
4369.1,0.583,1.71,0.017,1.4562829347489181
4369.11,0.594,1.773,0.017,1.3724219309588772
4369.11,0.577,1.625,0.017,1.0250581609741394
4369.12,0.563,1.683,0.018,1.385467127958832
4369.14,0.56,1.632,0.016,1.1596847134947557
4369.14,0.535,1.952,0.015,1.1512678239328031
4369.15,0.522,1.857,0.018,1.4579819317074219
4369.18,0.598,1.819,0.016,1.3674654303089984
4369.18,0.514,1.732,0.017,1.486830401583031
4369.2,0.559,1.826,0.015,1.2076665023135926
4369.2,0.599,1.886,0.019,1.4839024416636581
4369.2,0.58,1.77,0.015,1.1416006769525984
4369.21,0.536,1.849,0.017,1.4860951264531326
4369.21,0.526,1.892,0.016,1.2410371736544588
4369.21,0.527,1.727,0.017,1.17163273372182
4369.22,0.526,1.79,0.017,1.4203146328183618
4369.26,0.502,1.997,0.019,1.4536593039950936
4369.28,0.542,1.593,0.018,1.2781724860985384
4369.28,0.577,1.791,0.018,1.269503493808701
4369.3,0.556,1.524,0.018,1.0765720352738024
4369.31,0.597,1.623,0.016,1.3701343596513698
4369.32,0.531,1.6,0.018,1.4829191359291878
4369.32,0.545,1.542,0.018,1.233102100198209
4369.32,0.538,1.504,0.018,1.1083685842797628
4369.33,0.518,1.901,0.015,1.4461215477788218
4369.34,0.58,1.835,0.016,1.2140640162253533
4369.35,0.535,1.528,0.017,1.1938901090595206
4369.37,0.595,1.891,0.017,1.2138612369153692
4369.39,0.541,1.652,0.015,1.1431223462153417
4369.39,0.51,1.607,0.016,1.2592462924275591
4369.4,0.591,1.597,0.019,1.1442233906155639
4369.41,0.571,1.706,0.015,1.1692896555487307
4369.42,0.589,1.928,0.018,1.1801201537840942
4369.42,0.514,1.969,0.015,1.1385475968153127
4369.43,0.521,1.922,0.015,1.272809022006483
4369.43,0.576,1.881,0.016,1.4511780392813747
4369.44,0.513,1.683,0.018,1.1367416259513055
4369.47,0.556,1.528,0.017,1.4152172310613722
4369.47,0.539,1.797,0.018,1.0525795509145373
4369.5,0.565,1.898,0.016,1.3939878550550928
4369.51,0.564,1.851,0.019,1.0232416270603963
4369.51,0.542,1.824,0.019,1.4683288636628937
4369.51,0.588,1.667,0.017,1.4262328037312586
4369.52,0.587,1.526,0.016,1.4665676677132775
4369.55,0.531,1.692,0.017,1.4841086630133562
4369.56,0.529,1.625,0.016,1.2717306046860613
4369.61,0.522,1.518,0.018,1.3260713728134181
4369.61,0.542,1.573,0.015,1.3483833445484519
4369.62,0.591,1.62,0.016,1.4781374415995374
4369.62,0.558,1.63,0.017,1.3470565453444387
4369.62,0.511,1.63,0.015,1.2829995447696698
4369.63,0.514,1.648,0.015,1.2715487959281275
4369.63,0.532,1.99,0.017,1.4248214044117073
4369.64,0.543,1.947,0.019,1.0901814632104678
4369.66,0.532,1.647,0.019,1.2306710133549548
4369.67,0.567,1.812,0.017,1.0259476334874917
4369.68,0.539,1.881,0.016,1.245452432397042
4369.68,0.522,1.925,0.018,1.3438402169900152
4369.68,0.505,1.97,0.019,1.3039618805211073
4369.68,0.58,1.73,0.018,1.245673911885528
4369.69,0.594,1.869,0.019,1.4228920538732093
4369.71,0.512,1.839,0.015,1.123974703761875
4369.71,0.562,1.911,0.016,1.2762090436959377
4369.72,0.591,1.864,0.018,1.005989355032837
4369.73,0.518,1.671,0.015,1.041298612597145
4369.73,0.538,1.807,0.015,1.1003352492602347
4369.74,0.57,1.997,0.016,1.3963650821085318
4369.76,0.545,1.85,0.017,1.2296548701981378
4369.77,0.579,1.712,0.017,1.2205164052258106
4369.78,0.553,1.879,0.018,1.312687457263902
4369.78,0.564,1.645,0.016,1.022949364537857
4369.78,0.513,1.735,0.019,1.169167160762385
4369.78,0.597,1.57,0.019,1.1300000145444882
4369.78,0.556,1.64,0.015,1.4240062821183845
4369.8,0.569,1.593,0.015,1.2806435640896074
4369.8,0.541,1.523,0.015,1.418039120614265
4369.82,0.59,1.902,0.015,1.3389253696833134
4369.84,0.534,1.831,0.019,1.4463966246518136
4369.84,0.583,1.638,0.018,1.0611771921923732
4369.84,0.591,1.654,0.017,1.4811611534941946
4369.85,0.595,1.538,0.018,1.011327708202849
4369.88,0.574,1.556,0.019,1.3836618480639737
4369.88,0.528,1.676,0.015,1.3767376791886927
4369.89,0.516,1.9,0.019,1.4692358368320055
4369.89,0.515,1.549,0.017,1.418598313206225
4369.91,0.591,1.845,0.016,1.1879447396470941
4369.91,0.541,1.954,0.015,1.4402745576864562
4369.92,0.565,1.875,0.018,1.3737479829182686
4369.94,0.57,1.843,0.019,1.340971277252954
4369.94,0.581,1.84,0.019,1.3832262632159735
4369.96,0.508,1.915,0.015,1.0856459761833526
4369.97,0.563,1.827,0.018,1.4597274691098177
4369.97,0.534,1.904,0.016,1.2601712753775831
4369.99,0.516,1.906,0.017,1.4120356921828718
4370.0,0.519,1.744,0.015,1.4121585834539532
4370.01,0.553,1.798,0.019,1.243997360013223
4370.03,0.501,1.577,0.015,1.4795812424062267
4370.03,0.511,1.841,0.017,1.3380588808994536
4370.04,0.505,1.57,0.016,1.1409962165351195
4370.06,0.545,1.829,0.019,1.4236177210324767
4370.07,0.573,1.938,0.016,1.0556192567940632
4370.07,0.597,1.705,0.019,1.1232755624486706
4370.07,0.591,1.643,0.017,1.442621114581717
4370.07,0.564,1.612,0.015,1.1947516408107581
4370.08,0.575,1.579,0.018,1.4994089776123969
4370.09,0.501,1.708,0.018,1.2573969133279024
4370.1,0.55,1.65,0.019,1.0014214338629626
4370.11,0.54,1.762,0.018,1.0602369158908573
4370.12,0.58,1.801,0.019,1.005055922622528
4370.13,0.559,1.697,0.016,1.1028416250492272
4370.14,0.527,1.947,0.017,1.4176296134725683
4370.15,0.528,1.833,0.016,1.0839288085132082
4370.15,0.556,1.878,0.017,1.4332448622048637
4370.16,0.505,1.67,0.019,1.012391484980661
4370.16,0.539,1.575,0.015,1.1578682973875773
4370.16,0.551,1.94,0.019,1.2600076895191097
4370.17,0.535,1.534,0.019,1.3414516020113754
4370.18,0.528,1.545,0.019,1.21584153349388
4370.19,0.571,1.505,0.015,1.439234346475891
4370.19,0.557,1.652,0.019,1.4255004857782776
4370.21,0.546,1.566,0.018,1.0222756642254671
4370.21,0.542,1.689,0.015,1.017360021179106
4370.22,0.545,1.624,0.016,1.415810038257763
4370.23,0.572,1.834,0.015,1.0575249433717266
4370.25,0.522,1.924,0.018,1.3250563420136783
4370.26,0.565,1.932,0.017,1.482702901472821
4370.3,0.521,1.709,0.015,1.0474246816810118
4370.33,0.512,1.955,0.017,1.3792978903245734
4370.33,0.557,1.983,0.019,1.4801056506786594
4370.33,0.55,1.981,0.016,1.4533619283585826
4370.34,0.513,1.533,0.015,1.2702572249911739
4370.34,0.568,1.761,0.016,1.2522429933685706
4370.37,0.529,1.51,0.016,1.1584319473976452
4370.37,0.556,1.533,0.017,1.4205524892827288
4370.37,0.504,1.649,0.016,1.1227259098233306
4370.37,0.563,1.676,0.016,1.1214232383902683
4370.38,0.5,1.946,0.015,1.2277403516969043
4370.4,0.569,1.608,0.016,1.3686014571294012
4370.4,0.533,1.645,0.015,1.3021134996376034
4370.41,0.563,1.824,0.015,1.370714106559885
4370.41,0.535,1.804,0.016,1.0381762407805157
4370.42,0.502,1.826,0.019,1.056381840565475
4370.42,0.576,1.603,0.018,1.2890993474540746
4370.44,0.599,1.545,0.015,1.0444035484477472
4370.44,0.51,1.819,0.019,1.3926138030604895
4370.44,0.54,1.948,0.018,1.340115045336821
4370.48,0.54,1.979,0.018,1.4397466525905218
4370.48,0.567,1.62,0.018,1.2526601761999967
4370.48,0.554,1.615,0.016,1.0884458768744212
4370.49,0.565,1.98,0.019,1.0172218243384394
4370.49,0.51,1.528,0.016,1.457768801540616
4370.49,0.554,1.95,0.015,1.339368601860011
4370.5,0.521,1.55,0.017,1.148816308879948
4370.5,0.502,1.816,0.018,1.3023307176710928
4370.5,0.596,1.581,0.015,1.3531028218054117
4370.5,0.54,1.779,0.018,1.1519908774901304
4370.5,0.539,1.663,0.019,1.2426551006789208
4370.52,0.575,1.585,0.015,1.0363540312847985
4370.54,0.597,1.6,0.019,1.1247975893041968
4370.54,0.558,1.693,0.017,1.2822374473511657
4370.56,0.583,1.621,0.016,1.4673688601856028
4370.57,0.58,1.7,0.016,1.154891249710301
4370.57,0.549,1.634,0.017,1.0429873529998128
4370.57,0.515,1.682,0.017,1.0536423773413515
4370.6,0.536,1.593,0.018,1.334870413554567
4370.6,0.593,1.578,0.016,1.3423012058805321
4370.61,0.586,1.985,0.018,1.0178225853656704
4370.61,0.547,1.983,0.015,1.0220171842093542
4370.61,0.544,1.701,0.018,1.0264390214810637
4370.61,0.551,1.81,0.017,1.0252564941086375
4370.62,0.529,1.632,0.017,1.3666710204930683
4370.63,0.547,1.991,0.018,1.3821820136048177
4370.63,0.588,1.971,0.019,1.4907304431220205
4370.64,0.556,1.863,0.016,1.3080444440057124
4370.64,0.535,1.997,0.017,1.0514798266038339
4370.68,0.561,1.772,0.018,1.178720021102218
4370.68,0.521,1.738,0.016,1.2366644952635366
4370.7,0.528,1.774,0.018,1.0478615135374414
4370.73,0.511,1.978,0.018,1.1103459419033508
4370.73,0.511,1.838,0.019,1.2814563088358162
4370.75,0.531,1.916,0.016,1.2046316271582802
4370.75,0.526,1.697,0.017,1.1057539921683979
4370.76,0.506,1.562,0.017,1.1736163183686024
4370.76,0.508,1.668,0.015,1.3578244297638031
4370.77,0.536,1.705,0.019,1.4353398267752424
4370.77,0.583,1.542,0.015,1.390367124291509
4370.78,0.508,1.752,0.019,1.3119237772020562
4370.8,0.589,1.911,0.019,1.094032448724803
4370.8,0.543,1.744,0.018,1.2169095393507474
4370.81,0.529,1.63,0.016,1.197145359432447
4370.82,0.521,1.606,0.015,1.3089448058992559
4370.83,0.569,1.862,0.016,1.0716748836762195
4370.83,0.586,1.653,0.019,1.1566574752059005
4370.84,0.518,1.709,0.016,1.2263794315954137
4370.86,0.507,1.593,0.017,1.2180557342554552
4370.87,0.535,1.824,0.019,1.3020749575642068
4370.87,0.542,1.723,0.017,1.2212497588677456
4370.87,0.548,1.604,0.017,1.4225055004765492
4370.88,0.539,1.695,0.018,1.282616175307554
4370.89,0.507,1.547,0.015,1.4279494611519912
4370.89,0.542,1.965,0.015,1.01654280535959
4370.91,0.551,1.747,0.019,1.425817904933202
4370.91,0.547,1.549,0.018,1.0420314922622886
4370.93,0.562,1.964,0.018,1.2049930656640127
4370.98,0.597,1.923,0.019,1.3496331849685625
4371.01,0.589,1.806,0.016,1.3246321661487699
4371.03,0.55,1.506,0.018,1.449453532050439
4371.03,0.536,1.71,0.019,1.4868746472163443
4371.03,0.518,1.514,0.016,1.1900974748513886
4371.03,0.597,1.883,0.019,1.461118967959073
4371.03,0.583,1.992,0.015,1.3006463450570718
4371.04,0.531,1.523,0.017,1.0450818433481806
4371.04,0.515,1.752,0.018,1.11931739285071
4371.04,0.506,1.518,0.015,1.027166364343907
4371.04,0.596,1.605,0.016,1.4480984351833854
4371.05,0.567,1.771,0.018,1.4199299458377381
4371.05,0.54,1.843,0.015,1.4013286111933145
4371.05,0.548,1.575,0.018,1.4241532522486684
4371.06,0.568,1.913,0.018,1.2321433622359987
4371.09,0.518,1.753,0.018,1.0673437030654098
4371.09,0.512,1.928,0.019,1.2284023170917056
4371.1,0.527,1.623,0.016,1.0147381939092746
4371.12,0.566,1.969,0.015,1.3527138684911877
4371.12,0.579,1.833,0.018,1.3643332431614206
4371.12,0.512,1.856,0.015,1.0727744181402183
4371.14,0.505,1.629,0.018,1.3258823555564816
4371.15,0.583,1.736,0.015,1.4952256883120003
4371.15,0.529,1.825,0.019,1.1255333279882591
4371.16,0.58,1.915,0.017,1.1296548519460763
4371.16,0.514,1.783,0.019,1.291196885814843
4371.17,0.596,1.885,0.019,1.2779017116006066
4371.17,0.556,1.702,0.017,1.2778374884680175
4371.19,0.597,1.742,0.015,1.3067025303862725
4371.21,0.559,1.575,0.017,1.3083048906117667
4371.21,0.537,1.976,0.018,1.39327269084046
4371.22,0.526,1.575,0.015,1.1487343200913336
4371.24,0.574,1.713,0.015,1.3205337744070533
4371.25,0.509,1.955,0.018,1.4181885242518462
4371.25,0.574,1.829,0.015,1.061531947918988
4371.25,0.558,1.676,0.018,1.0869010357621358
4371.25,0.572,1.914,0.018,1.035812037011504
4371.26,0.539,1.636,0.015,1.4122569587700489
4371.26,0.561,1.829,0.015,1.0754146690833388
4371.26,0.59,1.514,0.018,1.2370409339122106
4371.28,0.543,1.551,0.016,1.0794206588403106
4371.31,0.575,1.862,0.019,1.3469919837358568
4371.32,0.595,1.603,0.016,1.2734886644890089
4371.32,0.583,1.818,0.016,1.136330984708228
4371.32,0.554,1.747,0.016,1.2246940781777735
4371.36,0.533,1.951,0.016,1.1195422532866375
4371.37,0.579,1.849,0.015,1.144776068908814
4371.38,0.534,1.909,0.017,1.1098500835656309
4371.38,0.52,1.776,0.016,1.493936560714375
4371.39,0.553,1.955,0.017,1.1888374742919943
4371.39,0.554,1.727,0.016,1.0498932379934898
4371.39,0.595,1.612,0.019,1.4322919459416346
4371.4,0.535,1.669,0.017,1.409156266285542
4371.44,0.533,1.593,0.015,1.2675961327204366
4371.44,0.5,1.764,0.018,1.2101476519493477
4371.45,0.519,1.675,0.015,1.3374483391748333
4371.46,0.598,1.822,0.016,1.3747123141757276
4371.47,0.553,1.978,0.017,1.1411369216868725
4371.47,0.566,1.599,0.017,1.1538439221889367
4371.48,0.526,1.71,0.017,1.2607699693490844
4371.48,0.516,1.675,0.019,1.4207761449143448
4371.49,0.57,1.932,0.016,1.0752282791726595
4371.5,0.58,1.639,0.015,1.3773436430081043
4371.52,0.546,1.819,0.018,1.0388700608642965
4371.53,0.553,1.951,0.015,1.1019337188276244
4371.55,0.599,1.752,0.016,1.3185852425933893
4371.56,0.555,1.589,0.016,1.0616239090455812
4371.58,0.582,1.545,0.018,1.0154141859854184
4371.58,0.594,1.844,0.018,1.4051118812936234
4371.59,0.511,1.803,0.016,1.408484156807524
4371.59,0.574,1.657,0.017,1.2389115288184533
4371.6,0.549,1.599,0.015,1.4276822494568866
4371.61,0.586,1.883,0.017,1.2388742206896004
4371.61,0.568,1.814,0.015,1.1630355475490195
4371.61,0.54,1.796,0.015,1.4925258819251737
4371.63,0.528,1.978,0.015,1.1419903731348466
4371.64,0.563,1.653,0.016,1.0039151437916107
4371.64,0.557,1.962,0.019,1.4303001941523759
4371.64,0.551,1.835,0.017,1.350110141338837
4371.65,0.529,1.91,0.015,1.037896435807764
4371.66,0.546,1.726,0.018,1.1533341706076916
4371.69,0.552,1.65,0.018,1.0590755003686305
4371.72,0.517,1.59,0.019,1.1118332641484676
4371.75,0.57,1.827,0.017,1.3819211577187844
4371.76,0.539,1.621,0.019,1.3087497305988443
4371.77,0.575,1.691,0.015,1.1245093381941926
4371.77,0.569,1.786,0.019,1.176857586410268
4371.79,0.563,1.752,0.015,1.221065946246008
4371.8,0.551,1.711,0.016,1.149361512979771
4371.81,0.595,1.581,0.016,1.4645212926560083
4371.81,0.589,1.698,0.017,1.207729279627667
4371.84,0.543,1.95,0.015,1.4262048318983913
4371.84,0.59,1.652,0.016,1.1660162123572637
4371.85,0.535,1.729,0.019,1.1197081127803343
4371.86,0.58,1.927,0.019,1.1873255622494414
4371.86,0.536,1.534,0.018,1.2402417751674202
4371.86,0.501,1.793,0.018,1.4734387183759905
4371.88,0.559,1.682,0.017,1.080098159928681
4371.88,0.559,1.836,0.015,1.2189074616499507
4371.9,0.53,1.694,0.018,1.1046623826835706
4371.9,0.534,1.996,0.016,1.4785427906586446
4371.9,0.509,1.558,0.017,1.3176531275842747
4371.91,0.526,1.646,0.017,1.2528725366971973
4371.91,0.506,1.615,0.018,1.0567325081751375
4371.91,0.598,1.593,0.016,1.4214343948650587
4371.93,0.534,1.629,0.015,1.0595486969534973
4371.95,0.524,1.712,0.016,1.1577524457235824
4371.96,0.57,1.949,0.018,1.4198554589228876
4371.97,0.579,1.875,0.016,1.28331086391639
4371.97,0.525,1.562,0.016,1.128882248268146
4371.98,0.526,1.756,0.016,1.3752622558841012
4371.98,0.564,1.667,0.019,1.2031419599966005
4372.0,0.531,1.57,0.015,1.2000324151099222
4372.0,0.571,1.95,0.015,1.170291729355992
4372.03,0.545,1.637,0.019,1.2932746678869325
4372.05,0.582,1.914,0.016,1.4609279783933096
4372.06,0.551,1.798,0.015,1.4544225080272495
4372.07,0.579,1.993,0.016,1.0215408465102498
4372.07,0.563,1.555,0.016,1.3489727860764984
4372.08,0.549,1.906,0.018,1.0520059695031394
4372.09,0.575,1.77,0.019,1.106775596837453
4372.11,0.589,1.942,0.016,1.0837171940602555
4372.11,0.553,1.666,0.018,1.1784870817389517
4372.12,0.585,1.874,0.016,1.0314876735329923
4372.13,0.598,1.598,0.017,1.4026881093464212
4372.13,0.523,1.976,0.017,1.0891246250498043
4372.14,0.526,1.736,0.018,1.3230264784589663
4372.15,0.578,1.636,0.016,1.3305184148352274
4372.16,0.566,1.785,0.016,1.2074389293981285
4372.17,0.515,1.587,0.019,1.0413389280806276
4372.19,0.551,1.581,0.016,1.072556300115444
4372.2,0.544,1.502,0.019,1.2626922321098815
4372.21,0.564,1.531,0.019,1.1148789935100232
4372.21,0.541,1.513,0.019,1.0815402989491871
4372.24,0.536,1.887,0.016,1.0361649177167382
4372.24,0.555,1.909,0.015,1.3578419677273295
4372.24,0.544,1.748,0.015,1.035751220991222
4372.24,0.512,1.942,0.015,1.215373582073791
4372.24,0.566,1.514,0.015,1.085940617965205
4372.25,0.512,1.517,0.016,1.4020352926162758
4372.25,0.582,1.501,0.019,1.3256246987880695
4372.26,0.529,1.902,0.017,1.3094816727375875
4372.27,0.52,1.715,0.015,1.3803198790502487
4372.27,0.554,1.712,0.015,1.321829106778671
4372.28,0.571,1.949,0.016,1.4448329762655043
4372.3,0.535,1.642,0.018,1.1599759970677572
4372.31,0.581,1.663,0.016,1.0013392802553907
4372.32,0.59,1.736,0.016,1.0651691622400423
4372.34,0.569,1.941,0.015,1.1434023744747717
4372.35,0.543,1.976,0.016,1.1819340227640405
4372.36,0.525,1.583,0.017,1.4591696139758406
4372.36,0.513,1.958,0.016,1.263542788482506
4372.37,0.596,1.725,0.015,1.3205362715815099
4372.37,0.555,1.965,0.019,1.3457756277298518
4372.37,0.578,1.939,0.018,1.0691862900920375
4372.38,0.534,1.577,0.018,1.3438244633710439
4372.38,0.529,1.804,0.019,1.2541060199558318
4372.39,0.586,1.604,0.017,1.2903655158635075
4372.39,0.528,1.671,0.018,1.0517590054861996
4372.4,0.563,1.556,0.016,1.2090900374100109
4372.43,0.56,1.546,0.017,1.205358794085018
4372.45,0.583,1.861,0.017,1.180654377357444
4372.47,0.553,1.73,0.017,1.4203508138426348
4372.48,0.548,1.797,0.016,1.2459742112089975
4372.49,0.523,1.619,0.017,1.1427296493855106
4372.51,0.567,1.704,0.019,1.0779594607187368
4372.52,0.507,1.66,0.019,1.3984447336103616
4372.52,0.573,1.748,0.017,1.0228815672775915
4372.52,0.585,1.507,0.019,1.1763466410781418
4372.52,0.569,1.837,0.019,1.2636936709792024
4372.52,0.516,1.742,0.019,1.0616437438947743
4372.52,0.583,1.854,0.019,1.1252758437163257
4372.53,0.509,1.948,0.019,1.2206729681173638
4372.54,0.513,1.563,0.019,1.044633212293967
4372.55,0.53,1.938,0.015,1.1084470001681375
4372.55,0.509,1.956,0.019,1.2766095724878126
4372.56,0.552,1.985,0.016,1.0470345478802685
4372.56,0.556,1.751,0.017,1.1302455109946858
4372.56,0.504,1.921,0.016,1.160094167991128
4372.58,0.523,1.697,0.015,1.196644283169827
4372.59,0.544,1.999,0.015,1.3379714237642908
4372.59,0.542,1.509,0.018,1.3209850896704152
4372.59,0.517,1.589,0.015,1.0284415933691518
4372.6,0.523,1.878,0.016,1.4060771829849217
4372.6,0.5,1.698,0.018,1.437098024878074
4372.61,0.561,1.898,0.019,1.3267178967624433
4372.62,0.523,1.528,0.015,1.1713454637723641
4372.62,0.55,1.601,0.017,1.2623806058218943
4372.63,0.563,1.621,0.015,1.4638640734851038
4372.63,0.599,1.515,0.019,1.4241071652824666
4372.64,0.506,1.669,0.018,1.4979246896623368
4372.67,0.553,1.618,0.019,1.248666171502788
4372.67,0.574,1.78,0.018,1.3266674804655114
4372.68,0.508,1.5,0.017,1.1942435054061233
4372.68,0.553,1.548,0.015,1.0239872547505862
4372.68,0.541,1.695,0.017,1.3233484996741818
4372.7,0.511,1.657,0.015,1.144720849350176
4372.7,0.522,1.665,0.017,1.011825586054197
4372.71,0.544,1.946,0.016,1.0091926648310605
4372.71,0.502,1.577,0.015,1.43031684540668
4372.72,0.5,1.817,0.018,1.226320626935483
4372.74,0.567,1.797,0.015,1.3834018457857495
4372.77,0.581,1.59,0.016,1.3141325077284778
4372.77,0.526,1.646,0.016,1.0837456062319442
4372.78,0.588,1.654,0.019,1.0917805037585897
4372.79,0.52,1.714,0.019,1.143116165041022
4372.81,0.504,1.704,0.016,1.1542309668537607
4372.82,0.594,1.592,0.017,1.1584456526128812
4372.82,0.52,1.559,0.017,1.0385044918237902
4372.83,0.556,1.64,0.019,1.293487665826424
4372.83,0.549,1.882,0.015,1.380892385848745
4372.85,0.516,1.871,0.015,1.1967374856966213
4372.87,0.583,1.993,0.018,1.3164006409523918
4372.87,0.535,1.73,0.017,1.4972845755669835
4372.87,0.548,1.805,0.015,1.320799831475201
4372.9,0.559,1.834,0.019,1.3828650993941567
4372.9,0.525,1.686,0.017,1.4938327971793477
4372.92,0.521,1.561,0.017,1.4484503175962957
4372.93,0.518,1.702,0.017,1.0917330390120228
4372.93,0.599,1.924,0.019,1.1306289246370982
4372.94,0.542,1.607,0.019,1.312850284916957
4372.94,0.505,1.894,0.015,1.1343873263093396
4372.95,0.584,1.786,0.018,1.0117867825328242
4372.97,0.539,1.701,0.019,1.1301018394913527
4372.98,0.508,1.671,0.019,1.0328567251359706
4372.99,0.56,1.988,0.019,1.0554055283429666
4372.99,0.567,1.752,0.017,1.063331060948908
4372.99,0.555,1.758,0.019,1.0132015961723708
4373.0,0.582,1.885,0.016,1.2963317272727355
4373.0,0.588,1.536,0.016,1.100663940625652
4373.0,0.532,1.715,0.019,1.2897891076846815
4373.02,0.578,1.742,0.017,1.04283789912335
4373.02,0.523,1.964,0.017,1.4311956761239877
4373.03,0.553,1.699,0.017,1.325395090946273
4373.04,0.552,1.724,0.016,1.2086796403525588
4373.05,0.586,1.695,0.015,1.2057402153372334
4373.06,0.571,1.981,0.015,1.3476398640376637
4373.06,0.59,1.898,0.017,1.3383841692426148
4373.07,0.537,1.581,0.015,1.1798292397882764
4373.07,0.555,1.892,0.019,1.1480446312604233
4373.08,0.565,1.78,0.017,1.329472799089558
4373.08,0.507,1.624,0.016,1.057691182749362
4373.1,0.575,1.776,0.019,1.0597402852174709
4373.1,0.562,1.962,0.016,1.2690071422639715
4373.12,0.579,1.871,0.016,1.131935129699586
4373.12,0.58,1.845,0.016,1.185713440041423
4373.14,0.518,1.915,0.017,1.0371185266965672
4373.15,0.561,1.746,0.015,1.4877963006776536
4373.16,0.501,1.917,0.015,1.2340222108821033
4373.16,0.523,1.855,0.016,1.3726497705789131
4373.16,0.535,1.604,0.015,1.4916981259599138
4373.17,0.574,1.786,0.018,1.1182906194840883
4373.18,0.573,1.523,0.016,1.1077690012793067
4373.2,0.573,1.505,0.016,1.2241941585227274
4373.2,0.51,1.612,0.015,1.0512488593683327
4373.21,0.592,1.775,0.018,1.131514552586669
4373.22,0.526,1.943,0.019,1.1653120618517165
4373.22,0.56,1.741,0.017,1.4604152285883891
4373.23,0.548,1.993,0.019,1.0622004804694187
4373.23,0.527,1.95,0.016,1.3508404348934913
4373.24,0.595,1.584,0.019,1.2924561000789374
4373.25,0.562,1.805,0.019,1.1037750574156142
4373.25,0.581,1.655,0.018,1.0760004677839354
4373.25,0.556,1.598,0.017,1.297203745178042
4373.26,0.539,1.693,0.018,1.1767425289223978
4373.26,0.57,1.559,0.016,1.1053583157847449
4373.27,0.552,1.698,0.015,1.4714678189310253
4373.32,0.538,1.53,0.019,1.0817658147961264
4373.35,0.514,1.896,0.019,1.1758977449432098
4373.35,0.534,1.612,0.018,1.3632152542690719
4373.35,0.556,1.858,0.019,1.3144614468187037
4373.35,0.557,1.745,0.017,1.349086294245132
4373.36,0.566,1.503,0.015,1.4584167666826953
4373.37,0.529,1.576,0.019,1.382431766182733
4373.4,0.552,1.524,0.016,1.2627748941098011
4373.4,0.513,1.508,0.016,1.1809948437980775
4373.41,0.56,1.566,0.018,1.3086500801993324
4373.41,0.555,1.791,0.018,1.4772953807530906
4373.42,0.588,1.942,0.015,1.0753494446887522
4373.43,0.506,1.948,0.017,1.4717130962932345
4373.44,0.537,1.943,0.015,1.1440140002908792
4373.45,0.556,1.932,0.019,1.4863847117442925
4373.45,0.558,1.67,0.016,1.2119985431498153
4373.45,0.569,1.808,0.019,1.2511200243994338
4373.46,0.525,1.593,0.015,1.1237573339901128
4373.46,0.507,1.586,0.019,1.2798888375992232
4373.46,0.527,1.92,0.016,1.473350154162031
4373.48,0.503,1.691,0.019,1.4408524314404831
4373.49,0.546,1.692,0.016,1.1155172423159099
4373.49,0.525,1.519,0.019,1.3634551500873515
4373.49,0.543,1.737,0.018,1.1627236943349857
4373.49,0.548,1.502,0.019,1.0622122401982175
4373.5,0.574,1.838,0.015,1.1054900635200342
4373.51,0.529,1.979,0.015,1.0391063171619714
4373.51,0.566,1.876,0.017,1.3816541017632051
4373.51,0.594,1.511,0.017,1.1316036847898143
4373.52,0.562,1.685,0.019,1.4072557284291585
4373.53,0.52,1.671,0.015,1.294305319806408
4373.53,0.521,1.619,0.019,1.0743377193522146
4373.53,0.553,1.675,0.018,1.4965760855528825
4373.54,0.506,1.882,0.018,1.445970234720203
4373.54,0.593,1.867,0.019,1.0136740791912409
4373.56,0.518,1.638,0.017,1.3039749256112687
4373.57,0.598,1.525,0.016,1.4651515295199389
4373.57,0.593,1.984,0.017,1.074926087575233
4373.6,0.516,1.757,0.018,1.4683529362607721
4373.61,0.519,1.965,0.016,1.421291302094597
4373.62,0.547,1.96,0.019,1.1226129085718646
4373.63,0.55,1.823,0.015,1.1574772372389923
4373.63,0.535,1.896,0.019,1.161623325140407
4373.63,0.512,1.847,0.017,1.0657051856246078
4373.63,0.587,1.612,0.019,1.2670867175582012
4373.64,0.576,1.982,0.016,1.0228931205101428
4373.64,0.562,1.532,0.016,1.41581198603672
4373.66,0.57,1.545,0.018,1.0311224958101795
4373.66,0.541,1.625,0.015,1.4456969740496706
4373.69,0.563,1.781,0.017,1.4722825232870866
4373.69,0.596,1.527,0.015,1.4434258973236238
4373.7,0.503,1.558,0.019,1.3450068872001537
4373.7,0.565,1.954,0.015,1.0073055388233467
4373.72,0.555,1.86,0.016,1.1784211214931315
4373.76,0.503,1.81,0.017,1.1548947940591405
4373.77,0.549,1.589,0.016,1.2804484680980406
4373.77,0.528,1.816,0.017,1.4102123258233004
4373.77,0.525,1.813,0.015,1.2955595752627016
4373.78,0.576,1.683,0.015,1.1109528632566512
4373.78,0.596,1.961,0.016,1.2428793433685568
4373.79,0.546,1.684,0.018,1.3417391650550479
4373.79,0.581,1.837,0.017,1.0382457920090378
4373.79,0.562,1.947,0.015,1.1104931967168374
4373.79,0.565,1.847,0.015,1.17641185911758
4373.8,0.599,1.751,0.015,1.444038612884275
4373.8,0.574,1.67,0.016,1.010459954198769
4373.8,0.549,1.963,0.019,1.1670353715274688
4373.83,0.53,1.578,0.019,1.1563862948663632
4373.83,0.539,1.873,0.017,1.1081858146023318
4373.85,0.562,1.881,0.016,1.1179874558791218
4373.85,0.508,1.648,0.019,1.2664446114943497
4373.86,0.527,1.799,0.015,1.451116664915939
4373.87,0.549,1.955,0.019,1.4976681148139126
4373.87,0.527,1.904,0.016,1.045708713499802
4373.9,0.592,1.515,0.017,1.3739435212076454
4373.91,0.512,1.985,0.017,1.4976107296795218
4373.91,0.543,1.861,0.017,1.1451771231461407
4373.91,0.567,1.939,0.018,1.2844823397853693
4373.93,0.598,1.745,0.019,1.1073112473941902
4373.93,0.539,1.851,0.017,1.3130462409685433
4373.94,0.593,1.598,0.019,1.1687109184031874
4373.97,0.503,1.846,0.016,1.3994205975934775
4373.97,0.539,1.982,0.016,1.0720847135847955
4373.97,0.592,1.861,0.018,1.2760537133803673
4373.98,0.563,1.839,0.015,1.1415196937000371
4373.98,0.591,1.634,0.016,1.0720921943764634
4373.98,0.548,1.886,0.016,1.4599858739595488
4373.99,0.556,1.786,0.016,1.323098556757631
4374.03,0.567,1.809,0.019,1.337127168713336
4374.06,0.531,1.566,0.016,1.375509938292084
4374.07,0.539,1.913,0.015,1.199094740435447
4374.09,0.557,1.587,0.016,1.4829467990026337
4374.09,0.534,1.98,0.019,1.4691073087167779
4374.09,0.57,1.575,0.019,1.4809675081241336
4374.1,0.512,1.888,0.017,1.1877533248138223
4374.1,0.536,1.988,0.015,1.2271153941852706
4374.1,0.526,1.883,0.016,1.0637130797033332
4374.11,0.591,1.93,0.019,1.1120212369292153
4374.14,0.574,1.665,0.018,1.0814181002544876
4374.14,0.53,1.934,0.019,1.286672359116244
4374.14,0.531,1.569,0.019,1.4750715190147528
4374.15,0.598,1.747,0.016,1.0513564717905957
4374.17,0.503,1.559,0.019,1.074634375259813
4374.17,0.597,1.515,0.016,1.0499445916369634
4374.18,0.509,1.701,0.015,1.2811472661679306
4374.18,0.59,1.58,0.017,1.3126962118883378
4374.18,0.55,1.859,0.015,1.4820393898999664
4374.19,0.54,1.829,0.015,1.347409562181911
4374.21,0.598,1.922,0.017,1.2155885060651237
4374.22,0.595,1.883,0.016,1.4112848379412473
4374.22,0.593,1.997,0.018,1.3420932338089917
4374.24,0.586,1.788,0.019,1.0688716694379623
4374.24,0.502,1.919,0.018,1.1959845219440357
4374.27,0.585,1.824,0.019,1.1270156788722345
4374.27,0.549,1.615,0.019,1.1455106821240897
4374.27,0.575,1.667,0.018,1.3524276671636137
4374.29,0.554,1.795,0.015,1.2227336328264078
4374.29,0.51,1.903,0.016,1.090475962193726
4374.3,0.501,1.992,0.016,1.482113980069311
4374.3,0.587,1.972,0.016,1.0086309032400524
4374.3,0.51,1.673,0.018,1.1742755786609698
4374.31,0.508,1.82,0.017,1.0332095363845162
4374.33,0.571,1.698,0.016,1.0199779340147035
4374.34,0.553,1.84,0.015,1.468294561207013
4374.35,0.5,1.695,0.019,1.1903663603012566
4374.36,0.588,1.628,0.015,1.1077530592938127
4374.37,0.538,1.986,0.015,1.0674505440757514
4374.38,0.566,1.883,0.018,1.3732230339607703
4374.4,0.552,1.868,0.015,1.068453271947182
4374.4,0.537,1.939,0.018,1.064211838196442
4374.41,0.547,1.634,0.018,1.185248243507367
4374.42,0.512,1.854,0.018,1.412662738173402
4374.43,0.571,1.941,0.016,1.3677658213164945
4374.43,0.576,1.506,0.018,1.2232502869868664
4374.45,0.53,1.539,0.018,1.4471437635374487
4374.45,0.56,1.536,0.015,1.0188034980719558
4374.46,0.513,1.803,0.018,1.0598351737383793
4374.46,0.512,1.551,0.019,1.1461863366318243
4374.46,0.584,1.887,0.016,1.2478993167554924
4374.47,0.565,1.516,0.018,1.3723865332448244
4374.48,0.517,1.612,0.015,1.2878346353610983
4374.48,0.546,1.746,0.016,1.2764028278991812
4374.48,0.542,1.663,0.016,1.0689537974662842
4374.48,0.557,1.814,0.016,1.0579989732268387
4374.48,0.536,1.816,0.016,1.179096788317982
4374.5,0.531,1.565,0.018,1.3148767115573927
4374.5,0.517,1.655,0.016,1.158582803718414
4374.5,0.504,1.864,0.019,1.4116589101700705
4374.51,0.565,1.744,0.018,1.080950467240057
4374.51,0.573,1.911,0.016,1.2118316967731566
4374.52,0.539,1.561,0.017,1.021488393470103
4374.52,0.521,1.86,0.018,1.347915030380097
4374.53,0.534,1.741,0.015,1.142846818037188
4374.54,0.577,1.728,0.015,1.064777360329085
4374.54,0.511,1.745,0.015,1.3774337753031132
4374.55,0.58,1.708,0.018,1.2750340031675507
4374.55,0.574,1.677,0.019,1.009590616531447
4374.59,0.587,1.882,0.017,1.264716003312337
4374.6,0.502,1.995,0.015,1.082437783039267
4374.62,0.577,1.6,0.015,1.3028563264583637
4374.63,0.588,1.594,0.017,1.149993028224512
4374.64,0.578,1.949,0.016,1.1167812599254696
4374.65,0.504,1.721,0.018,1.4463710375674246
4374.65,0.508,1.707,0.017,1.1199036682039105
4374.65,0.526,1.703,0.017,1.0275997179800642
4374.67,0.511,1.633,0.019,1.3068345797654977
4374.68,0.561,1.614,0.017,1.2050402299504124
4374.68,0.526,1.959,0.018,1.331803668523799
4374.7,0.565,1.736,0.016,1.4970473293581783
4374.72,0.595,1.998,0.015,1.0430687558180731
4374.72,0.581,1.741,0.017,1.2332163220502137
4374.75,0.505,1.518,0.019,1.4450967603334202
4374.76,0.577,1.805,0.016,1.1050887923984993
4374.76,0.559,1.622,0.015,1.3074387904271132
4374.76,0.541,1.71,0.017,1.1323837452152332
4374.77,0.526,1.52,0.015,1.37453380413434
4374.78,0.586,1.784,0.015,1.15039273653893
4374.79,0.569,1.878,0.016,1.150138912791027
4374.79,0.591,1.854,0.017,1.2018361231455117
4374.8,0.521,1.638,0.017,1.3261449523978481
4374.81,0.575,1.918,0.017,1.1016755382443906
4374.81,0.51,1.624,0.017,1.224689860012809
4374.82,0.519,1.674,0.017,1.4333057216371932
4374.84,0.546,1.812,0.018,1.1758109774253573
4374.85,0.505,1.817,0.016,1.2924063424824683
4374.85,0.507,1.939,0.017,1.4471078441885994
4374.85,0.578,1.551,0.019,1.2949346445269483
4374.86,0.565,1.599,0.018,1.3121156473188582
4374.87,0.544,1.966,0.016,1.162806379676278
4374.87,0.505,1.889,0.017,1.304081886509946
4374.89,0.525,1.563,0.017,1.2461141303378591
4374.9,0.564,1.644,0.018,1.233645953823706
4374.91,0.523,1.705,0.015,1.3314011795915317
4374.91,0.564,1.642,0.019,1.4436213958220474
4374.93,0.552,1.953,0.019,1.219727381940199
4374.93,0.548,1.842,0.015,1.2263183337387709
4374.96,0.517,1.716,0.019,1.3022068570018084
4374.97,0.566,1.702,0.019,1.0060540160324951
4374.97,0.505,1.872,0.018,1.0542689963558378
4374.97,0.505,1.909,0.015,1.342525139494874
4374.98,0.578,1.995,0.019,1.2356990085370039
4374.99,0.515,1.957,0.017,1.3317585033189199
4375.0,0.585,1.881,0.015,1.2081377350871725
4375.02,0.541,1.588,0.015,1.4281889323275963
4375.02,0.535,1.745,0.015,1.4184621038665979
4375.03,0.551,1.594,0.017,1.215089977696395
4375.03,0.569,1.797,0.018,1.2314384262064164
4375.04,0.515,1.885,0.015,1.3059137885307837
4375.04,0.532,1.544,0.016,1.2278955420937672
4375.05,0.559,1.816,0.015,1.349877036737224
4375.05,0.592,1.866,0.019,1.4687052452649685
4375.06,0.546,1.584,0.017,1.2110437182849003
4375.06,0.573,1.882,0.019,1.0474982729795608
4375.09,0.567,1.674,0.017,1.0810734257929668
4375.09,0.578,1.704,0.017,1.3176456498287643
4375.1,0.509,1.952,0.016,1.2630776336702032
4375.1,0.506,1.906,0.016,1.0917844122225033
4375.1,0.543,1.896,0.019,1.116230971499487
4375.11,0.559,1.771,0.019,1.4042856879151788
4375.11,0.561,1.956,0.018,1.3101775491409626
4375.11,0.588,1.746,0.015,1.035487129019901
4375.11,0.551,1.819,0.017,1.2846113400579127
4375.11,0.543,1.5,0.016,1.1934589777915245
4375.12,0.565,1.571,0.017,1.1768072904098617
4375.13,0.595,1.794,0.015,1.1358310107167808
4375.14,0.522,1.851,0.019,1.494889697873739
4375.15,0.546,1.562,0.018,1.3075834218463374
4375.16,0.547,1.88,0.015,1.27166799911378
4375.16,0.598,1.755,0.016,1.4340596593541945
4375.19,0.599,1.561,0.016,1.0291648448101083
4375.22,0.543,1.9,0.017,1.442166745544699
4375.22,0.546,1.775,0.015,1.077997186399079
4375.23,0.549,1.691,0.019,1.4282090814206434
4375.23,0.518,1.528,0.018,1.3649523112218112
4375.24,0.505,1.875,0.018,1.3997845048430906
4375.25,0.547,1.724,0.015,1.0838976766521815
4375.25,0.584,1.9,0.016,1.320709340282629
4375.27,0.582,1.785,0.018,1.2984126915812098
4375.27,0.595,1.987,0.017,1.0960637859229119
4375.27,0.535,1.806,0.015,1.2124513403425126
4375.27,0.585,1.691,0.015,1.4348276848860952
4375.28,0.555,1.803,0.016,1.2008251834820842
4375.28,0.573,1.924,0.016,1.491442206117922
4375.3,0.54,1.518,0.019,1.4468846098159276
4375.31,0.522,1.503,0.015,1.4335243122271055
4375.31,0.528,1.672,0.017,1.3531838337024455
4375.31,0.561,1.617,0.015,1.1332252802989387
4375.32,0.515,1.67,0.019,1.366918250965771
4375.33,0.595,1.619,0.017,1.400612740729812
4375.34,0.503,1.568,0.015,1.2597066087052036
4375.35,0.557,1.747,0.015,1.2191826987382133
4375.36,0.514,1.815,0.015,1.469762771509235
4375.37,0.598,1.915,0.015,1.3005038985645523
4375.38,0.508,1.59,0.016,1.115247863463606
4375.39,0.596,1.903,0.015,1.114298655103981
4375.39,0.593,1.975,0.015,1.3508167119009649
4375.39,0.517,1.937,0.015,1.0489124369223695
4375.4,0.574,1.88,0.018,1.1119841196273044
4375.4,0.592,1.738,0.016,1.136256217010782
4375.42,0.594,1.568,0.019,1.2217369111556209
4375.44,0.591,1.924,0.016,1.3187602524601614
4375.44,0.551,1.634,0.017,1.196900986518235
4375.44,0.57,1.585,0.018,1.0901095349036436
4375.44,0.563,1.705,0.019,1.475856703945233
4375.46,0.523,1.93,0.017,1.479420019374588
4375.46,0.574,1.705,0.018,1.1610135186430948
4375.48,0.584,1.524,0.016,1.0806034632377988
4375.49,0.595,1.65,0.015,1.1184473972131035
4375.49,0.517,1.731,0.018,1.3751431023693472
4375.49,0.541,1.65,0.015,1.4595834086546917
4375.5,0.512,1.633,0.018,1.4721005917635817
4375.5,0.549,1.676,0.018,1.4056685040725894
4375.5,0.56,1.539,0.016,1.3315000937217873
4375.52,0.505,1.514,0.018,1.1486751657304588
4375.53,0.594,1.816,0.016,1.0281068930020045
4375.53,0.564,1.617,0.019,1.426867432569444
4375.53,0.595,1.567,0.018,1.2776806899097408
4375.53,0.534,1.951,0.016,1.2204013652380081
4375.53,0.512,1.725,0.018,1.1169225472680524
4375.54,0.554,1.916,0.015,1.1078743075228488
4375.54,0.563,1.954,0.019,1.4210654038537258
4375.55,0.509,1.505,0.017,1.2709558225007482
4375.56,0.568,1.601,0.015,1.1429847566509257
4375.56,0.529,1.52,0.018,1.4871955730521214
4375.57,0.57,1.841,0.015,1.4149741469764283
4375.59,0.504,1.599,0.019,1.3556582117641787
4375.59,0.508,1.868,0.019,1.0523624481737313
4375.6,0.554,1.62,0.015,1.4909744106735026
4375.61,0.586,1.555,0.015,1.4621416313042013
4375.61,0.54,1.716,0.017,1.2972308903112468
4375.63,0.503,1.952,0.018,1.4431167805885916
4375.63,0.564,1.796,0.015,1.0926677749934766
4375.64,0.515,1.664,0.019,1.3943929594833437
4375.64,0.519,1.923,0.016,1.3518814237575172
4375.66,0.579,1.901,0.017,1.2902797139290794
4375.67,0.599,1.805,0.018,1.4458415198973853
4375.68,0.569,1.546,0.017,1.3444712956482066
4375.68,0.551,1.796,0.018,1.0019718264260913
4375.68,0.505,1.729,0.016,1.4077571299941922
4375.68,0.589,1.677,0.017,1.4110812632628518
4375.69,0.552,1.947,0.017,1.1851600429428137
4375.7,0.514,1.502,0.019,1.4662266527201844
4375.7,0.56,1.976,0.016,1.0827203316831144
4375.71,0.533,1.698,0.018,1.2188784570208064
4375.71,0.594,1.666,0.016,1.1696921464845038
4375.72,0.575,1.5,0.019,1.0581396333419835
4375.72,0.533,1.788,0.017,1.3195011298466954
4375.72,0.511,1.596,0.016,1.2575976973013459
4375.72,0.569,1.877,0.016,1.4374983111333361
4375.73,0.555,1.746,0.015,1.1725539079220808
4375.73,0.571,1.975,0.016,1.194731171335285
4375.74,0.58,1.706,0.017,1.0378460829951552
4375.75,0.503,1.549,0.016,1.2934494973166133
4375.75,0.522,1.545,0.015,1.440917733757578
4375.76,0.59,1.562,0.018,1.1828579292853947
4375.77,0.571,1.638,0.019,1.2293434868356359
4375.8,0.567,1.964,0.015,1.3771808146180038
4375.81,0.565,1.965,0.018,1.2051174608225537
4375.82,0.51,1.639,0.018,1.2653855980141775
4375.82,0.527,1.583,0.016,1.317454959395815
4375.83,0.521,1.782,0.015,1.4177993561915156
4375.84,0.525,1.74,0.019,1.3646698701131585
4375.84,0.591,1.955,0.018,1.1920638117479787
4375.85,0.517,1.622,0.016,1.2686668147284448
4375.85,0.573,1.751,0.016,1.017593842723709
4375.85,0.503,1.752,0.015,1.037829753253899
4375.88,0.565,1.681,0.017,1.0674698756040104
4375.88,0.598,1.802,0.019,1.2897174479393632
4375.88,0.562,1.736,0.019,1.4536057222998868
4375.88,0.58,1.523,0.018,1.0998514878835546
4375.89,0.513,1.904,0.016,1.1623345265009917
4375.89,0.514,1.555,0.015,1.4965558535852879
4375.9,0.534,1.709,0.016,1.4867741510594423
4375.9,0.574,1.893,0.017,1.2890233402568685
4375.91,0.585,1.793,0.017,1.4105547659899975
4375.92,0.519,1.743,0.016,1.1389177260806238
4375.93,0.507,1.636,0.016,1.1118883221217406
4375.93,0.503,1.75,0.018,1.2316892944615467
4375.94,0.504,1.568,0.015,1.2515494655435129
4375.94,0.562,1.849,0.016,1.423488410828973
4375.95,0.596,1.797,0.018,1.4545946989827672
4375.96,0.584,1.612,0.016,1.0229260022816975
4375.96,0.579,1.511,0.016,1.3786525654735597
4375.97,0.574,1.731,0.018,1.0870062945190657
4375.98,0.511,1.542,0.015,1.472440430402358
4375.98,0.527,1.89,0.016,1.0856425689996743
4375.98,0.596,1.98,0.018,1.4009429501347648
4375.98,0.54,1.846,0.015,1.4075633938273118
4375.99,0.518,1.766,0.019,1.0815884550298946
4376.01,0.51,1.65,0.019,1.1183102626517543
4376.02,0.546,1.816,0.017,1.3486291008512545
4376.02,0.564,1.564,0.017,1.3386333290919008
4376.02,0.568,1.511,0.018,1.365187503575698
4376.03,0.533,1.855,0.019,1.289798376209795
4376.03,0.539,1.686,0.018,1.3998954156781684
4376.03,0.534,1.811,0.016,1.1674094029389195
4376.04,0.538,1.8,0.016,1.0156257571214728
4376.04,0.559,1.744,0.018,1.0404077274664756
4376.05,0.581,1.809,0.019,1.2027741529882452
4376.05,0.582,1.675,0.015,1.197352048409888
4376.06,0.548,1.848,0.017,1.2678805176634262
4376.09,0.525,1.558,0.018,1.2763536326509315
4376.11,0.546,1.905,0.017,1.4498357907656354
4376.11,0.542,1.908,0.019,1.0374897990545857
4376.12,0.587,1.82,0.019,1.263798170782992
4376.12,0.588,1.65,0.018,1.257535362043595
4376.12,0.511,1.646,0.019,1.196398256474902
4376.13,0.591,1.901,0.018,1.419313728121907
4376.14,0.564,1.913,0.017,1.339420836154192
4376.14,0.558,1.708,0.016,1.2285809277031698
4376.14,0.557,1.572,0.018,1.1564222966741242
4376.14,0.528,1.889,0.016,1.2436784577219306
4376.15,0.521,1.767,0.019,1.3294755527421849
4376.16,0.566,1.624,0.017,1.4164452998049848
4376.16,0.544,1.859,0.015,1.3967635294575376
4376.18,0.55,1.932,0.016,1.4907994296175475
4376.18,0.531,1.988,0.019,1.2134597983308608
4376.19,0.5,1.83,0.018,1.4802413689148692
4376.22,0.576,1.851,0.016,1.176287635332524
4376.22,0.516,1.656,0.017,1.0574102163990917
4376.24,0.553,1.595,0.019,1.3196680834255388
4376.25,0.548,1.642,0.018,1.3052453070793097
4376.26,0.558,1.94,0.018,1.3777284415945261
4376.28,0.501,1.564,0.019,1.4815105448556949
4376.29,0.567,1.752,0.017,1.3786764084961005
4376.3,0.508,1.883,0.016,1.4189526424852974
4376.31,0.527,1.798,0.019,1.3231520889592452
4376.32,0.524,1.835,0.017,1.0072485754204754
4376.34,0.519,1.61,0.019,1.4633266275942027
4376.35,0.59,1.912,0.016,1.184073834357796
4376.35,0.581,1.529,0.019,1.4723928406700297
4376.35,0.535,1.687,0.015,1.01854374811263
4376.36,0.57,1.837,0.019,1.2017800350997063
4376.37,0.521,1.789,0.017,1.0861575069474727
4376.37,0.506,1.981,0.018,1.0097693636170564
4376.37,0.592,1.955,0.015,1.411034917675869
4376.37,0.564,1.834,0.017,1.2321565574122515
4376.38,0.502,1.656,0.017,1.223765010199433
4376.4,0.554,1.823,0.016,1.168995983165316
4376.4,0.562,1.887,0.018,1.4410005562294246
4376.4,0.584,1.721,0.017,1.4212513975400802
4376.41,0.502,1.805,0.016,1.0392932586726493
4376.41,0.537,1.676,0.017,1.089445160318793
4376.42,0.58,1.77,0.015,1.279775171236459
4376.43,0.536,1.546,0.015,1.105856049239409
4376.43,0.509,1.932,0.017,1.416540061271331
4376.44,0.531,1.605,0.017,1.220425913544113
4376.45,0.575,1.501,0.015,1.2717185365767203
4376.45,0.522,1.529,0.019,1.1130364400114445
4376.46,0.559,1.706,0.019,1.2610910968868667
4376.47,0.567,1.893,0.019,1.270468277083761
4376.47,0.538,1.73,0.019,1.2642804416997235
4376.49,0.593,1.982,0.015,1.1256540524873877
4376.49,0.558,1.638,0.016,1.0065957945574173
4376.49,0.519,1.719,0.016,1.2331411346299075
4376.5,0.596,1.756,0.015,1.1320506396406596
4376.5,0.537,1.907,0.016,1.3627601411395018
4376.51,0.575,1.728,0.018,1.1859564104582858
4376.51,0.506,1.57,0.017,1.4507111728815685
4376.51,0.585,1.858,0.018,1.498110624792368
4376.52,0.534,1.699,0.017,1.475982308593612
4376.53,0.593,1.829,0.016,1.4031150422371113
4376.53,0.52,1.949,0.017,1.0256800772252848
4376.54,0.567,1.937,0.015,1.0088187966040951
4376.55,0.564,1.537,0.019,1.0637146184820792
4376.58,0.587,1.82,0.019,1.4256456427110065
4376.58,0.549,1.741,0.019,1.2776395889138676
4376.59,0.529,1.63,0.018,1.0217287533707455
4376.59,0.547,1.642,0.019,1.2220481283902136
4376.6,0.543,1.717,0.016,1.0464979131191017
4376.6,0.538,1.827,0.018,1.2201232623807732
4376.61,0.548,1.896,0.018,1.0575730719875884
4376.63,0.577,1.716,0.015,1.1722168245062998
4376.63,0.565,1.796,0.017,1.211432171907318
4376.65,0.56,1.84,0.015,1.26920028507786
4376.65,0.541,1.848,0.015,1.2610115237079473
4376.65,0.511,1.9,0.016,1.2687030067865779
4376.66,0.515,1.556,0.016,1.2407192485905671
4376.66,0.505,1.891,0.017,1.1427661184353277
4376.67,0.556,1.582,0.017,1.148649058564536
4376.67,0.578,1.718,0.018,1.3909702572093066
4376.68,0.565,1.604,0.019,1.2962763681955265
4376.7,0.563,1.687,0.017,1.0298417186463902
4376.71,0.528,1.512,0.018,1.1726715694835348
4376.71,0.542,1.537,0.015,1.2407870526145928
4376.72,0.523,1.838,0.017,1.4101096155618222
4376.73,0.542,1.638,0.015,1.3152107874185734
4376.74,0.503,1.878,0.015,1.3405572596807556
4376.75,0.526,1.762,0.018,1.331330249763929
4376.75,0.519,1.742,0.015,1.3933898441655004
4376.76,0.593,1.905,0.018,1.241019649042289
4376.77,0.544,1.647,0.017,1.4251153012254936
4376.77,0.542,1.967,0.015,1.4289178762927546
4376.77,0.504,1.575,0.018,1.316596440615161
4376.79,0.52,1.61,0.015,1.0678063528808606
4376.8,0.559,1.693,0.017,1.3706303152432788
4376.8,0.564,1.763,0.017,1.1476196074533183
4376.8,0.555,1.634,0.015,1.0896995607387916
4376.82,0.517,1.9,0.018,1.4256718286972552
4376.82,0.592,1.524,0.019,1.3080742677420485
4376.84,0.539,1.647,0.016,1.036626511527445
4376.84,0.554,1.531,0.019,1.457953253086507
4376.85,0.563,1.819,0.016,1.2220047759853747
4376.86,0.538,1.625,0.015,1.422207478085185
4376.86,0.568,1.966,0.015,1.03846330154254
4376.87,0.598,1.933,0.015,1.298528983241615
4376.88,0.597,1.985,0.017,1.1269492171728568
4376.89,0.591,1.775,0.015,1.1447316195648063
4376.89,0.504,1.909,0.019,1.3125295347703647
4376.9,0.571,1.651,0.016,1.4778654910669307
4376.9,0.579,1.616,0.017,1.0287794446299818
4376.91,0.5,1.879,0.019,1.1615406803825064
4376.93,0.532,1.727,0.019,1.289404291744622
4376.94,0.539,1.564,0.018,1.3083780527432223
4376.94,0.581,1.527,0.018,1.2984314793612235
4376.94,0.558,1.99,0.016,1.0856293596442352
4376.94,0.505,1.5,0.016,1.1687062191515902
4376.95,0.532,1.726,0.019,1.472193977114487
4376.97,0.502,1.78,0.015,1.3848384133429918
4376.98,0.545,1.857,0.016,1.284960835445787
4376.98,0.567,1.986,0.018,1.4244040031907084
4376.98,0.517,1.985,0.017,1.0113172890940176
4376.99,0.502,1.762,0.019,1.0378964425624564
4376.99,0.599,1.896,0.019,1.4323128436745471
4376.99,0.578,1.588,0.018,1.2013217247656538
4377.0,0.523,1.545,0.016,1.4692436177215666
4377.0,0.543,1.857,0.018,1.307174570546399
4377.0,0.593,1.885,0.018,1.2240621231186546
4377.01,0.518,1.995,0.015,1.2745804625166262
4377.01,0.596,1.678,0.017,1.129001607270861
4377.02,0.582,1.795,0.018,1.1779023037029368
4377.02,0.5,1.677,0.019,1.3717961677214476
4377.02,0.554,1.868,0.015,1.2606468324454125
4377.04,0.59,1.723,0.015,1.1097853757131741
4377.05,0.526,1.874,0.016,1.2195445976594437
4377.06,0.591,1.514,0.016,1.1539182036375386
4377.07,0.54,1.627,0.018,1.2820644459069346
4377.07,0.577,1.628,0.015,1.3277674176531096
4377.08,0.527,1.63,0.016,1.1173603736633022
4377.08,0.558,1.63,0.015,1.0203257980249516
4377.08,0.506,1.756,0.017,1.2028113762511041
4377.1,0.516,1.94,0.016,1.0722373717117863
4377.1,0.59,1.962,0.015,1.1436676398848804
4377.11,0.535,1.998,0.019,1.2622207168762856
4377.12,0.592,1.854,0.019,1.2579767097760788
4377.13,0.502,1.881,0.015,1.4692532803681004
4377.13,0.547,1.881,0.016,1.383666043697261
4377.15,0.587,1.888,0.019,1.2612241751825
4377.16,0.523,1.949,0.016,1.014076767150958
4377.17,0.525,1.832,0.019,1.4848940733288047
4377.17,0.565,1.745,0.019,1.3888123968923602
4377.18,0.519,1.929,0.015,1.4999523790678853
4377.19,0.522,1.7,0.018,1.2747638245632569
4377.2,0.518,1.655,0.017,1.0992921222324155
4377.21,0.586,1.719,0.019,1.0095026842795956
4377.21,0.599,1.863,0.017,1.4895438695701877
4377.22,0.592,1.543,0.015,1.4040433712369225
4377.23,0.584,1.945,0.016,1.340492756871081
4377.23,0.583,1.955,0.018,1.2760223892676799
4377.23,0.584,1.845,0.015,1.094794597609789
4377.23,0.504,1.669,0.018,1.1481425274024157
4377.26,0.546,1.557,0.018,1.2122966895516099
4377.28,0.582,1.975,0.019,1.3836343569067835
4377.29,0.514,1.761,0.017,1.2894500025583016
4377.3,0.514,1.843,0.017,1.0561209316131666
4377.31,0.59,1.515,0.019,1.0795426535286698
4377.32,0.548,1.932,0.019,1.4467323112460155
4377.33,0.542,1.678,0.016,1.2262292296061525
4377.33,0.52,1.612,0.019,1.018386053147392
4377.34,0.506,1.923,0.016,1.4842062160191498
4377.34,0.532,1.741,0.017,1.0100583455138956
4377.36,0.582,1.602,0.015,1.4010310289769015
4377.38,0.507,1.742,0.015,1.3349791092932568
4377.38,0.598,1.857,0.016,1.2511300998024464
4377.39,0.529,1.913,0.015,1.3959440722105065
4377.39,0.574,1.793,0.015,1.074640405303091
4377.41,0.573,1.789,0.016,1.1727284485170135
4377.43,0.522,1.814,0.017,1.2303110342017356
4377.45,0.508,1.989,0.016,1.1052550668615364
4377.46,0.552,1.742,0.018,1.1020503689007637
4377.46,0.521,1.802,0.016,1.3333679992415828
4377.47,0.554,1.718,0.015,1.1155370510999703
4377.47,0.524,1.97,0.018,1.2357801224761709
4377.5,0.581,1.728,0.015,1.4319114644381503
4377.5,0.536,1.989,0.015,1.308757685108096
4377.51,0.564,1.99,0.017,1.167581642365143
4377.51,0.589,1.901,0.016,1.0237135163605642
4377.53,0.511,1.938,0.017,1.3084264390159137
4377.55,0.572,1.652,0.016,1.0401635248509042
4377.56,0.529,1.883,0.017,1.4180063920638613
4377.56,0.51,1.839,0.019,1.2398611340846621
4377.57,0.594,1.602,0.016,1.1904823720864426
4377.58,0.523,1.919,0.017,1.0577189688961142
4377.59,0.596,1.699,0.018,1.079266700104412
4377.59,0.573,1.794,0.018,1.33478521534259
4377.6,0.528,1.976,0.019,1.0822348555174537
4377.6,0.551,1.728,0.017,1.3757497151571814
4377.61,0.5,1.593,0.017,1.4698650005692082
4377.63,0.588,1.523,0.018,1.3766187212923906
4377.63,0.502,1.824,0.018,1.1640141857801816
4377.63,0.546,1.689,0.019,1.0073589531242266
4377.64,0.522,1.923,0.019,1.4393637916747597
4377.64,0.589,1.503,0.017,1.1638409005199022
4377.65,0.542,1.704,0.016,1.1193988002606072
4377.66,0.591,1.913,0.015,1.3052668567800991
4377.66,0.504,1.657,0.015,1.2673292115785921
4377.67,0.537,1.882,0.015,1.325059241864416
4377.68,0.519,1.698,0.016,1.4779042470679293
4377.69,0.599,1.864,0.017,1.4275214063913055
4377.69,0.528,1.763,0.018,1.3138212011221793
4377.7,0.572,1.516,0.018,1.2377222910994168
4377.7,0.546,1.604,0.018,1.4742133495662255
4377.7,0.525,1.883,0.017,1.371645619379114
4377.7,0.533,1.608,0.017,1.2827623325153765
4377.72,0.583,1.643,0.016,1.41179739427178
4377.74,0.5,1.756,0.018,1.391961928237182
4377.74,0.561,1.722,0.015,1.012836551397466
4377.78,0.598,1.854,0.016,1.2087757769694636
4377.79,0.568,1.701,0.015,1.1058753041087066
4377.84,0.516,1.754,0.015,1.2268982444168448
4377.85,0.566,1.588,0.017,1.4113969085337446
4377.89,0.507,1.89,0.016,1.367073789378529
4377.9,0.564,1.908,0.016,1.2563683671207666
4377.9,0.592,1.757,0.016,1.0887212666986716
4377.91,0.577,1.726,0.016,1.2624461279785175
4377.94,0.581,1.846,0.017,1.0757111779753523
4377.94,0.565,1.754,0.019,1.2321837404344658
4377.98,0.534,1.904,0.016,1.1134027565897098
4377.98,0.56,1.823,0.016,1.1897293010996608
4378.0,0.515,1.956,0.019,1.3975879862965332
4378.01,0.562,1.96,0.018,1.0457324986223901
4378.02,0.523,1.862,0.019,1.1830807717536216
4378.03,0.514,1.749,0.018,1.490948498573526
4378.03,0.572,1.756,0.018,1.2702794537885815
4378.03,0.508,1.709,0.017,1.2536349518119045
4378.06,0.57,1.598,0.018,1.2376121351283231
4378.07,0.548,1.842,0.018,1.4723612768076308
4378.08,0.592,1.702,0.016,1.4799176519568438
4378.08,0.586,1.965,0.016,1.3008444933256702
4378.09,0.584,1.992,0.018,1.0730831415755804
4378.09,0.59,1.757,0.019,1.1312877426008945
4378.12,0.503,1.927,0.016,1.3153566065619393
4378.15,0.571,1.988,0.017,1.3070032853501665
4378.17,0.593,1.779,0.018,1.276560883743087
4378.18,0.546,1.879,0.018,1.1212098441568568
4378.2,0.598,1.993,0.018,1.3336754468460967
4378.21,0.513,1.933,0.017,1.3799822283497762
4378.22,0.565,1.885,0.018,1.1615491766368948
4378.22,0.58,1.789,0.016,1.4168077477876238
4378.23,0.595,1.883,0.018,1.126434541268225
4378.24,0.58,1.664,0.017,1.2527681671934596
4378.24,0.579,1.719,0.017,1.2972887172663474
4378.24,0.599,1.761,0.016,1.0800012136781958
4378.26,0.509,1.878,0.017,1.1275473988591436
4378.27,0.552,1.935,0.019,1.292389402261688
4378.28,0.598,1.553,0.015,1.3669710198929008
4378.29,0.58,1.639,0.015,1.2959740435980787
4378.31,0.508,1.711,0.019,1.4438870471555874
4378.32,0.543,1.89,0.018,1.2020827991171836
4378.32,0.55,1.554,0.019,1.231042434586691
4378.33,0.588,1.929,0.018,1.0568209631881247
4378.33,0.549,1.852,0.017,1.0798836219707564
4378.35,0.558,1.553,0.015,1.403527899631735
4378.35,0.59,1.54,0.015,1.4542511918246506
4378.35,0.549,1.844,0.015,1.1257215186097356
4378.36,0.54,1.888,0.019,1.4488781251418528
4378.37,0.559,1.543,0.017,1.1318109315000533
4378.37,0.596,1.932,0.017,1.0727036252071118
4378.38,0.576,1.562,0.017,1.0592060444700109
4378.38,0.547,1.955,0.017,1.4368773184532584
4378.39,0.507,1.932,0.017,1.3050571255715506
4378.41,0.537,1.875,0.015,1.4154275376438599
4378.42,0.523,1.551,0.017,1.2106133065846034
4378.43,0.583,1.925,0.017,1.1973734677246497
4378.44,0.504,1.614,0.015,1.0965963021854117
4378.46,0.596,1.702,0.019,1.3648359891048518
4378.46,0.508,1.576,0.018,1.0047246685355877
4378.48,0.501,1.753,0.019,1.0476339211129992
4378.49,0.588,1.63,0.016,1.271549549941507
4378.49,0.509,1.996,0.015,1.3856997455618245
4378.51,0.55,1.665,0.018,1.2285123588296836
4378.52,0.533,1.758,0.019,1.4511662371556324
4378.53,0.547,1.971,0.019,1.3543694690129475
4378.53,0.564,1.516,0.015,1.0535092302662532
4378.53,0.599,1.645,0.016,1.0355600963047484
4378.55,0.533,1.539,0.015,1.0048741412034485
4378.56,0.516,1.927,0.015,1.4622095078951216
4378.57,0.578,1.759,0.019,1.0387841768979817
4378.58,0.568,1.776,0.016,1.1331032519598219
4378.58,0.591,1.967,0.017,1.0872104155802755
4378.59,0.551,1.537,0.016,1.3691393706227615
4378.59,0.538,1.842,0.017,1.1511844748933566
4378.61,0.512,1.544,0.019,1.427267524750179
4378.61,0.512,1.842,0.016,1.1275785969196952
4378.61,0.586,1.913,0.016,1.331288300146816
4378.63,0.589,1.823,0.017,1.2906239798889982
4378.63,0.559,1.656,0.019,1.0781335516821557
4378.65,0.561,1.815,0.015,1.1590949698818456
4378.65,0.543,1.751,0.019,1.0274831736804644
4378.66,0.569,1.871,0.018,1.210900140638341
4378.68,0.543,1.584,0.017,1.1207437613855673
4378.68,0.593,1.774,0.019,1.0299021905723758
4378.69,0.519,1.569,0.016,1.0091510815435951
4378.69,0.551,1.892,0.015,1.4794806770110795
4378.7,0.57,1.651,0.016,1.3238336274023346
4378.75,0.513,1.5,0.016,1.239942101248071
4378.77,0.574,1.577,0.016,1.3975053077879784
4378.8,0.507,1.585,0.015,1.2454002526603998
4378.8,0.565,1.541,0.018,1.074351052173082
4378.81,0.546,1.882,0.017,1.3686871172108388
4378.82,0.525,1.609,0.016,1.0141233251519803
4378.82,0.593,1.715,0.017,1.049209510547891
4378.84,0.566,1.958,0.018,1.2692831435749246
4378.84,0.512,1.973,0.015,1.0521056150711627
4378.84,0.536,1.624,0.018,1.0057967853503897
4378.84,0.529,1.909,0.015,1.3483617859980865
4378.85,0.518,1.787,0.019,1.1423538330697
4378.85,0.539,1.699,0.016,1.2828389662711739
4378.86,0.554,1.961,0.017,1.407210151512423
4378.86,0.542,1.822,0.015,1.384630608032948
4378.87,0.575,1.958,0.016,1.0775982355998803
4378.87,0.511,1.524,0.019,1.1885806513824835
4378.87,0.5,1.615,0.015,1.211063427116542
4378.88,0.547,1.908,0.015,1.1148479477881013
4378.89,0.581,1.649,0.018,1.1241242977636716
4378.89,0.502,1.672,0.019,1.289195051128773
4378.89,0.598,1.946,0.017,1.3106790042482477
4378.9,0.564,1.664,0.015,1.3170281198698464
4378.91,0.581,1.501,0.018,1.0800586659326923
4378.91,0.543,1.745,0.016,1.2503284930214147
4378.92,0.597,1.941,0.016,1.4577802090516787
4378.92,0.568,1.994,0.018,1.4737309727250778
4378.94,0.526,1.978,0.017,1.1910881041280157
4378.95,0.572,1.559,0.019,1.392447277135662
4378.97,0.553,1.758,0.018,1.0195818920378632
4378.98,0.561,1.794,0.019,1.100743369685617
4378.98,0.572,1.862,0.018,1.117579757644796
4379.0,0.596,1.849,0.017,1.069578774066657
4379.0,0.574,1.547,0.016,1.3319466514093423
4379.02,0.577,1.746,0.015,1.2070256915288093
4379.02,0.525,1.679,0.018,1.47452967742288
4379.03,0.52,1.653,0.016,1.3518246040662858
4379.03,0.559,1.925,0.017,1.461012357143084
4379.06,0.565,1.693,0.018,1.4320818090461793
4379.08,0.516,1.812,0.019,1.117425363511935
4379.09,0.546,1.815,0.017,1.2569886823853114
4379.09,0.596,1.945,0.019,1.366657636185708
4379.1,0.535,1.537,0.019,1.3920989128753223
4379.1,0.59,1.997,0.016,1.0271163714119986
4379.11,0.549,1.702,0.016,1.2629155176053182
4379.15,0.506,1.679,0.017,1.4917470333296488
4379.16,0.564,1.595,0.017,1.4569445141081407
4379.16,0.559,1.804,0.016,1.2903369446768074
4379.17,0.526,1.841,0.018,1.472267754168855
4379.18,0.599,1.908,0.019,1.3388489112985702
4379.18,0.593,1.569,0.016,1.1585731922142535
4379.19,0.51,1.987,0.015,1.4563186662173897
4379.2,0.582,1.925,0.019,1.494170602685634
4379.26,0.56,1.542,0.016,1.065623378622639
4379.28,0.515,1.555,0.015,1.114734134889914
4379.28,0.583,1.587,0.018,1.322917962139202
4379.29,0.544,1.566,0.015,1.1986836870106041
4379.31,0.573,1.55,0.018,1.145357007900642
4379.31,0.513,1.921,0.016,1.2473950462577796
4379.33,0.53,1.85,0.017,1.3320726252690211
4379.33,0.559,1.738,0.016,1.2095354044599451
4379.34,0.547,1.663,0.016,1.0092010421639532
4379.34,0.527,1.988,0.015,1.008265350772044
4379.34,0.529,1.919,0.016,1.2642373501445439
4379.35,0.575,1.967,0.016,1.4416737933055894
4379.36,0.513,1.97,0.016,1.2058261208540604
4379.36,0.594,1.902,0.015,1.4433662074214135
4379.38,0.547,1.516,0.017,1.0662089314919143
4379.38,0.525,1.729,0.016,1.422928259173198
4379.39,0.547,1.667,0.018,1.2830744334349156
4379.39,0.581,1.713,0.016,1.0294999920536811
4379.39,0.541,1.853,0.018,1.1891605422067617
4379.4,0.547,1.925,0.019,1.205376540314225
4379.4,0.59,1.704,0.016,1.3394517777496229
4379.41,0.56,1.749,0.018,1.3947604307441854
4379.41,0.56,1.756,0.016,1.3080079606116863
4379.42,0.578,1.744,0.017,1.0764267328194022
4379.42,0.562,1.924,0.018,1.151215022730772
4379.42,0.593,1.829,0.018,1.4798138311803335
4379.45,0.585,1.77,0.016,1.283521540592624
4379.45,0.522,1.74,0.017,1.1527601353263321
4379.46,0.538,1.989,0.019,1.2151755057504572
4379.46,0.576,1.58,0.016,1.319517695199563
4379.47,0.559,1.852,0.015,1.3968201320269331
4379.47,0.557,1.609,0.019,1.4806793654397072
4379.48,0.569,1.862,0.019,1.4815565115086977
4379.49,0.53,1.682,0.015,1.155303306618078
4379.5,0.525,1.929,0.016,1.447501564022975
4379.51,0.508,1.552,0.017,1.1194096888255458
4379.52,0.534,1.667,0.018,1.2729919979662834
4379.53,0.57,1.917,0.016,1.3036795406423622
4379.54,0.517,1.819,0.018,1.026958328118557
4379.55,0.546,1.74,0.019,1.3270388493241776
4379.55,0.54,1.978,0.018,1.2568806626822573
4379.58,0.577,1.682,0.016,1.499388214429155
4379.58,0.535,1.791,0.016,1.1150074753975607
4379.6,0.535,1.842,0.017,1.1625419176175547
4379.62,0.527,1.796,0.015,1.2854132829392972
4379.63,0.56,1.614,0.018,1.2986274462439393
4379.63,0.554,1.976,0.017,1.1869897994451297
4379.64,0.523,1.665,0.019,1.3432917461672254
4379.64,0.595,1.728,0.015,1.1718917366020816
4379.64,0.544,1.922,0.018,1.4430856201482274
4379.64,0.568,1.66,0.015,1.2077416395011913
4379.64,0.59,1.848,0.015,1.3602904271044096
4379.66,0.513,1.523,0.017,1.2478192002312862
4379.67,0.549,1.809,0.015,1.2676713529805446
4379.69,0.563,1.898,0.015,1.1032205012746146
4379.7,0.519,1.954,0.019,1.2398398190876223
4379.7,0.516,1.989,0.016,1.3006677680784617
4379.7,0.504,1.509,0.019,1.2412910701500661
4379.7,0.517,1.621,0.017,1.0070447140448575
4379.71,0.583,1.798,0.016,1.3847639706336148
4379.71,0.569,1.653,0.019,1.2203081593052543
4379.71,0.53,1.854,0.019,1.0888698907106378
4379.72,0.532,1.722,0.019,1.3634085817764356
4379.73,0.595,1.769,0.019,1.3252651193518155
4379.73,0.554,1.779,0.017,1.0219404245181947
4379.74,0.577,1.937,0.019,1.245815338067009
4379.74,0.513,1.584,0.017,1.4616516832852828
4379.74,0.584,1.635,0.016,1.492130571918302
4379.75,0.547,1.831,0.018,1.0332709460777925
4379.75,0.555,1.586,0.015,1.4397816049859482
4379.75,0.555,1.803,0.017,1.158927327612621
4379.75,0.505,1.983,0.017,1.410841294623431
4379.78,0.587,1.914,0.016,1.141550945289468
4379.79,0.577,1.79,0.017,1.4616687843049945
4379.79,0.574,1.854,0.015,1.42116054791064
4379.81,0.595,1.927,0.017,1.4912828071650301
4379.81,0.516,1.994,0.018,1.136633482729641
4379.83,0.566,1.724,0.018,1.1510272997075364
4379.85,0.572,1.755,0.019,1.4758803386184516
4379.85,0.538,1.852,0.015,1.1818256977870485
4379.85,0.598,1.804,0.017,1.4223762879938573
4379.85,0.567,1.801,0.018,1.3398955876105958
4379.85,0.546,1.52,0.017,1.404235061234305
4379.86,0.572,1.811,0.015,1.4528987453846605
4379.87,0.533,1.641,0.019,1.4066085744144758
4379.87,0.559,1.7,0.017,1.0684024679926805
4379.88,0.506,1.725,0.018,1.1304883452983578
4379.89,0.509,1.992,0.018,1.3226500425755776
4379.89,0.592,1.555,0.018,1.4670029111202754
4379.9,0.548,1.861,0.019,1.0575557957613435
4379.9,0.566,1.519,0.018,1.0362906762670288
4379.91,0.522,1.751,0.019,1.2901536574788925
4379.91,0.536,1.544,0.018,1.2901616795602528
4379.92,0.582,1.812,0.016,1.4203615114258281
4379.92,0.539,1.507,0.018,1.2978403667027798
4379.92,0.501,1.505,0.018,1.1824240216973896
4379.93,0.594,1.885,0.017,1.1151348358303323
4379.93,0.541,1.905,0.016,1.179538169886708
4379.93,0.585,1.604,0.019,1.1719958668387345
4379.96,0.55,1.526,0.017,1.220858271248425
4379.96,0.553,1.798,0.015,1.4541817212294084
4379.97,0.559,1.754,0.019,1.068643920057019
4379.98,0.599,1.815,0.017,1.4457791989406323
4379.99,0.58,1.925,0.016,1.1397786461022263
